trip_id,stop_id,arrival_time,departure_time,stop_sequence,stop_headsign,pickup_type,drop_off_type,shape_dist_traveled,continuous_pickup,continuous_drop_off,timepoint
b2495fbd-3e54-4c0d-8c01-0bdf755107a7,866000,09:17:00,09:17:00,1,,0,0,0.0,1,1,1
b2495fbd-3e54-4c0d-8c01-0bdf755107a7,866021,09:20:00,09:20:00,2,,0,0,1676.0,1,1,0
b2495fbd-3e54-4c0d-8c01-0bdf755107a7,866024,09:27:00,09:27:00,3,,0,0,3916.0,1,1,0
b2495fbd-3e54-4c0d-8c01-0bdf755107a7,866025,09:33:00,09:33:00,4,,0,0,5082.0,1,1,1
b2495fbd-3e54-4c0d-8c01-0bdf755107a7,8664532,09:36:00,09:36:00,5,,0,0,6643.0,1,1,0
b2495fbd-3e54-4c0d-8c01-0bdf755107a7,866027,09:38:00,09:38:00,6,,0,0,7370.0,1,1,1
b2495fbd-3e54-4c0d-8c01-0bdf755107a7,866028,09:41:00,09:41:00,7,,0,0,8657.0,1,1,0
b2495fbd-3e54-4c0d-8c01-0bdf755107a7,866000,09:45:00,09:45:00,8,,1,0,10233.0,1,1,0
30bdb1b9-efc5-4e92-a5a6-ea0eddc92a61,866000,08:43:00,08:43:00,1,,0,0,0.0,1,1,1
30bdb1b9-efc5-4e92-a5a6-ea0eddc92a61,866021,08:46:00,08:46:00,2,,0,0,1676.0,1,1,0
30bdb1b9-efc5-4e92-a5a6-ea0eddc92a61,866024,08:53:00,08:53:00,3,,0,0,3916.0,1,1,0
30bdb1b9-efc5-4e92-a5a6-ea0eddc92a61,866025,08:59:00,08:59:00,4,,0,0,5082.0,1,1,1
30bdb1b9-efc5-4e92-a5a6-ea0eddc92a61,8664532,09:02:00,09:02:00,5,,0,0,6643.0,1,1,0
30bdb1b9-efc5-4e92-a5a6-ea0eddc92a61,866027,09:04:00,09:04:00,6,,0,0,7370.0,1,1,1
30bdb1b9-efc5-4e92-a5a6-ea0eddc92a61,866028,09:07:00,09:07:00,7,,0,0,8657.0,1,1,0
30bdb1b9-efc5-4e92-a5a6-ea0eddc92a61,866000,09:11:00,09:11:00,8,,1,0,10233.0,1,1,0
9e7db4e6-9aed-42d5-b2df-ac386fe24266,866000,08:13:00,08:13:00,1,,0,0,0.0,1,1,1
9e7db4e6-9aed-42d5-b2df-ac386fe24266,866021,08:16:00,08:16:00,2,,0,0,1676.0,1,1,0
9e7db4e6-9aed-42d5-b2df-ac386fe24266,866024,08:23:00,08:23:00,3,,0,0,3916.0,1,1,0
9e7db4e6-9aed-42d5-b2df-ac386fe24266,866025,08:29:00,08:29:00,4,,0,0,5082.0,1,1,1
9e7db4e6-9aed-42d5-b2df-ac386fe24266,8664532,08:32:00,08:32:00,5,,0,0,6643.0,1,1,0
9e7db4e6-9aed-42d5-b2df-ac386fe24266,866027,08:34:00,08:34:00,6,,0,0,7370.0,1,1,1
9e7db4e6-9aed-42d5-b2df-ac386fe24266,866028,08:37:00,08:37:00,7,,0,0,8657.0,1,1,0
9e7db4e6-9aed-42d5-b2df-ac386fe24266,866000,08:41:00,08:41:00,8,,1,0,10233.0,1,1,0
74beef96-3294-40ca-a004-70e89a068a0c,866000,07:42:00,07:42:00,1,,0,0,0.0,1,1,1
74beef96-3294-40ca-a004-70e89a068a0c,866021,07:45:00,07:45:00,2,,0,0,1676.0,1,1,0
74beef96-3294-40ca-a004-70e89a068a0c,866024,07:52:00,07:52:00,3,,0,0,3916.0,1,1,0
74beef96-3294-40ca-a004-70e89a068a0c,866025,07:58:00,07:58:00,4,,0,0,5082.0,1,1,1
74beef96-3294-40ca-a004-70e89a068a0c,8664532,08:01:00,08:01:00,5,,0,0,6643.0,1,1,0
74beef96-3294-40ca-a004-70e89a068a0c,866027,08:03:00,08:03:00,6,,0,0,7370.0,1,1,1
74beef96-3294-40ca-a004-70e89a068a0c,866028,08:06:00,08:06:00,7,,0,0,8657.0,1,1,0
74beef96-3294-40ca-a004-70e89a068a0c,866000,08:10:00,08:10:00,8,,1,0,10233.0,1,1,0
1facc11a-24e1-43e4-be11-a6110c1827ed,866000,07:09:00,07:09:00,1,,0,0,0.0,1,1,1
1facc11a-24e1-43e4-be11-a6110c1827ed,866021,07:12:00,07:12:00,2,,0,0,1676.0,1,1,0
1facc11a-24e1-43e4-be11-a6110c1827ed,866024,07:19:00,07:19:00,3,,0,0,3916.0,1,1,0
1facc11a-24e1-43e4-be11-a6110c1827ed,866025,07:25:00,07:25:00,4,,0,0,5082.0,1,1,1
1facc11a-24e1-43e4-be11-a6110c1827ed,8664532,07:28:00,07:28:00,5,,0,0,6643.0,1,1,0
1facc11a-24e1-43e4-be11-a6110c1827ed,866027,07:30:00,07:30:00,6,,0,0,7370.0,1,1,1
1facc11a-24e1-43e4-be11-a6110c1827ed,866028,07:33:00,07:33:00,7,,0,0,8657.0,1,1,0
1facc11a-24e1-43e4-be11-a6110c1827ed,866000,07:37:00,07:37:00,8,,1,0,10233.0,1,1,0
1e8fd9dd-b017-44c0-a084-2fc858f44284,866000,10:15:00,10:15:00,1,,0,0,0.0,1,1,1
1e8fd9dd-b017-44c0-a084-2fc858f44284,866021,10:18:00,10:18:00,2,,0,0,1676.0,1,1,0
1e8fd9dd-b017-44c0-a084-2fc858f44284,866024,10:25:00,10:25:00,3,,0,0,3916.0,1,1,0
1e8fd9dd-b017-44c0-a084-2fc858f44284,866025,10:31:00,10:31:00,4,,0,0,5082.0,1,1,1
1e8fd9dd-b017-44c0-a084-2fc858f44284,8664532,10:34:00,10:34:00,5,,1,0,6643.0,1,1,0
bf8f8209-2a3a-405d-b820-34f56a19ac09,866000,10:17:00,10:17:00,1,,0,0,0.0,1,1,1
bf8f8209-2a3a-405d-b820-34f56a19ac09,866039,10:26:00,10:26:00,2,,0,0,3181.0,1,1,0
bf8f8209-2a3a-405d-b820-34f56a19ac09,8660692,10:29:00,10:29:00,3,,0,0,4523.0,1,1,1
bf8f8209-2a3a-405d-b820-34f56a19ac09,8661266,10:29:30,10:29:30,4,,0,0,4689.0,1,1,0
bf8f8209-2a3a-405d-b820-34f56a19ac09,8662015,10:41:00,10:41:00,5,,0,0,8365.0,1,1,1
bf8f8209-2a3a-405d-b820-34f56a19ac09,8662025,10:44:00,10:44:00,6,,0,0,9439.0,1,1,0
bf8f8209-2a3a-405d-b820-34f56a19ac09,8662026,10:46:00,10:46:00,7,,0,0,9854.0,1,1,0
bf8f8209-2a3a-405d-b820-34f56a19ac09,8662028,10:48:00,10:48:00,8,,0,0,10450.0,1,1,0
bf8f8209-2a3a-405d-b820-34f56a19ac09,8666036,10:50:00,10:50:00,9,,1,0,11061.0,1,1,1
22960af8-eb23-46ad-9788-b4c81dc28de2,866000,10:01:00,10:01:00,1,,0,0,0.0,1,1,1
22960af8-eb23-46ad-9788-b4c81dc28de2,866039,10:10:00,10:10:00,2,,0,0,3181.0,1,1,1
22960af8-eb23-46ad-9788-b4c81dc28de2,8660692,10:13:00,10:13:00,3,,0,0,4523.0,1,1,1
22960af8-eb23-46ad-9788-b4c81dc28de2,8661266,10:13:30,10:13:30,4,,0,0,4689.0,1,1,0
22960af8-eb23-46ad-9788-b4c81dc28de2,8662015,10:25:00,10:25:00,5,,0,0,8365.0,1,1,1
22960af8-eb23-46ad-9788-b4c81dc28de2,8662025,10:28:00,10:28:00,6,,0,0,9439.0,1,1,0
22960af8-eb23-46ad-9788-b4c81dc28de2,8662026,10:30:00,10:30:00,7,,0,0,9854.0,1,1,0
22960af8-eb23-46ad-9788-b4c81dc28de2,8662028,10:32:00,10:32:00,8,,0,0,10450.0,1,1,0
22960af8-eb23-46ad-9788-b4c81dc28de2,8666036,10:34:00,10:34:00,9,,1,0,11061.0,1,1,1
996d3863-89be-406d-969b-bab0d7d3210e,866000,09:30:00,09:30:00,1,,0,0,0.0,1,1,1
996d3863-89be-406d-969b-bab0d7d3210e,866039,09:39:00,09:39:00,2,,0,0,3181.0,1,1,0
996d3863-89be-406d-969b-bab0d7d3210e,8660692,09:42:00,09:42:00,3,,0,0,4523.0,1,1,1
996d3863-89be-406d-969b-bab0d7d3210e,8661266,09:42:30,09:42:30,4,,0,0,4689.0,1,1,0
996d3863-89be-406d-969b-bab0d7d3210e,8662015,09:45:00,09:45:00,5,,0,0,8612.0,1,1,1
996d3863-89be-406d-969b-bab0d7d3210e,8662025,09:57:00,09:57:00,6,,0,0,9690.0,1,1,0
996d3863-89be-406d-969b-bab0d7d3210e,8662026,09:59:00,09:59:00,7,,0,0,10105.0,1,1,0
996d3863-89be-406d-969b-bab0d7d3210e,8662028,10:01:00,10:01:00,8,,0,0,10701.0,1,1,0
996d3863-89be-406d-969b-bab0d7d3210e,8666036,10:03:00,10:03:00,9,,0,0,11312.0,1,1,1
996d3863-89be-406d-969b-bab0d7d3210e,866000,10:15:00,10:15:00,10,,1,0,15284.0,1,1,0
9226883b-6d11-480d-b03b-31e212e7d297,866000,09:03:00,09:03:00,1,,0,0,0.0,1,1,1
9226883b-6d11-480d-b03b-31e212e7d297,866039,09:12:00,09:12:00,2,,0,0,3181.0,1,1,0
9226883b-6d11-480d-b03b-31e212e7d297,8660692,09:15:00,09:15:00,3,,0,0,4523.0,1,1,1
9226883b-6d11-480d-b03b-31e212e7d297,8661266,09:15:30,09:15:30,4,,0,0,4689.0,1,1,0
9226883b-6d11-480d-b03b-31e212e7d297,8662015,09:27:00,09:27:00,5,,0,0,8612.0,1,1,1
9226883b-6d11-480d-b03b-31e212e7d297,8662025,09:30:00,09:30:00,6,,0,0,9690.0,1,1,0
9226883b-6d11-480d-b03b-31e212e7d297,8662026,09:32:00,09:32:00,7,,0,0,10105.0,1,1,0
9226883b-6d11-480d-b03b-31e212e7d297,8662028,09:34:00,09:34:00,8,,0,0,10701.0,1,1,0
9226883b-6d11-480d-b03b-31e212e7d297,8666036,09:36:00,09:36:00,9,,0,0,11312.0,1,1,1
9226883b-6d11-480d-b03b-31e212e7d297,866000,09:48:00,09:48:00,10,,1,0,15284.0,1,1,0
839c9c43-cfca-4b8d-8864-24ddc7d7cab9,866000,08:42:00,08:42:00,1,,0,0,0.0,1,1,1
839c9c43-cfca-4b8d-8864-24ddc7d7cab9,866039,08:51:00,08:51:00,2,,0,0,3181.0,1,1,0
839c9c43-cfca-4b8d-8864-24ddc7d7cab9,8660692,08:54:00,08:54:00,3,,0,0,4523.0,1,1,1
839c9c43-cfca-4b8d-8864-24ddc7d7cab9,8661266,08:54:30,08:54:30,4,,0,0,4689.0,1,1,0
839c9c43-cfca-4b8d-8864-24ddc7d7cab9,8662015,09:06:00,09:06:00,5,,0,0,8612.0,1,1,1
839c9c43-cfca-4b8d-8864-24ddc7d7cab9,8662025,09:09:00,09:09:00,6,,0,0,9690.0,1,1,0
839c9c43-cfca-4b8d-8864-24ddc7d7cab9,8662026,09:11:00,09:11:00,7,,0,0,10105.0,1,1,0
839c9c43-cfca-4b8d-8864-24ddc7d7cab9,8662028,09:13:00,09:13:00,8,,0,0,10701.0,1,1,0
839c9c43-cfca-4b8d-8864-24ddc7d7cab9,8666036,09:15:00,09:15:00,9,,0,0,11312.0,1,1,1
839c9c43-cfca-4b8d-8864-24ddc7d7cab9,866000,09:27:00,09:27:00,10,,1,0,15284.0,1,1,0
3a888d94-b82c-4a1a-b11e-bb62c54d281b,866000,08:03:00,08:03:00,1,,0,0,0.0,1,1,1
3a888d94-b82c-4a1a-b11e-bb62c54d281b,866039,08:12:00,08:12:00,2,,0,0,3181.0,1,1,0
3a888d94-b82c-4a1a-b11e-bb62c54d281b,8660692,08:15:00,08:15:00,3,,0,0,4523.0,1,1,1
3a888d94-b82c-4a1a-b11e-bb62c54d281b,8661266,08:15:30,08:15:30,4,,0,0,4689.0,1,1,0
3a888d94-b82c-4a1a-b11e-bb62c54d281b,8662015,08:27:00,08:27:00,5,,0,0,8612.0,1,1,1
3a888d94-b82c-4a1a-b11e-bb62c54d281b,8662025,08:30:00,08:30:00,6,,0,0,9690.0,1,1,0
3a888d94-b82c-4a1a-b11e-bb62c54d281b,8662026,08:32:00,08:32:00,7,,0,0,10105.0,1,1,0
3a888d94-b82c-4a1a-b11e-bb62c54d281b,8662028,08:34:00,08:34:00,8,,0,0,10701.0,1,1,0
3a888d94-b82c-4a1a-b11e-bb62c54d281b,8666036,08:36:00,08:36:00,9,,0,0,11312.0,1,1,1
3a888d94-b82c-4a1a-b11e-bb62c54d281b,866000,08:48:00,08:48:00,10,,1,0,15284.0,1,1,0
7c8d1d53-969d-490c-b99f-d3aba679e3f6,866000,07:42:00,07:42:00,1,,0,0,0.0,1,1,1
7c8d1d53-969d-490c-b99f-d3aba679e3f6,866039,07:51:00,07:51:00,2,,0,0,3181.0,1,1,0
7c8d1d53-969d-490c-b99f-d3aba679e3f6,8660692,07:54:00,07:54:00,3,,0,0,4523.0,1,1,1
7c8d1d53-969d-490c-b99f-d3aba679e3f6,8661266,07:54:30,07:54:30,4,,0,0,4689.0,1,1,0
7c8d1d53-969d-490c-b99f-d3aba679e3f6,8662015,08:06:00,08:06:00,5,,0,0,8612.0,1,1,1
7c8d1d53-969d-490c-b99f-d3aba679e3f6,8662025,08:09:00,08:09:00,6,,0,0,9690.0,1,1,0
7c8d1d53-969d-490c-b99f-d3aba679e3f6,8662026,08:11:00,08:11:00,7,,0,0,10105.0,1,1,0
7c8d1d53-969d-490c-b99f-d3aba679e3f6,8662028,08:13:00,08:13:00,8,,0,0,10701.0,1,1,0
7c8d1d53-969d-490c-b99f-d3aba679e3f6,8666036,08:15:00,08:15:00,9,,0,0,11312.0,1,1,1
7c8d1d53-969d-490c-b99f-d3aba679e3f6,866000,08:27:00,08:27:00,10,,1,0,15284.0,1,1,0
622f18b0-823f-4875-962a-ddaa36d32387,866000,07:03:00,07:03:00,1,,0,0,0.0,1,1,1
622f18b0-823f-4875-962a-ddaa36d32387,866039,07:12:00,07:12:00,2,,0,0,3181.0,1,1,0
622f18b0-823f-4875-962a-ddaa36d32387,8660692,07:15:00,07:15:00,3,,0,0,4523.0,1,1,1
622f18b0-823f-4875-962a-ddaa36d32387,8661266,07:15:30,07:15:30,4,,0,0,4689.0,1,1,0
622f18b0-823f-4875-962a-ddaa36d32387,8662015,07:27:00,07:27:00,5,,0,0,8612.0,1,1,1
622f18b0-823f-4875-962a-ddaa36d32387,8662025,07:30:00,07:30:00,6,,0,0,9690.0,1,1,0
622f18b0-823f-4875-962a-ddaa36d32387,8662026,07:32:00,07:32:00,7,,0,0,10105.0,1,1,0
622f18b0-823f-4875-962a-ddaa36d32387,8662028,07:34:00,07:34:00,8,,0,0,10701.0,1,1,0
622f18b0-823f-4875-962a-ddaa36d32387,8666036,07:36:00,07:36:00,9,,0,0,11312.0,1,1,1
622f18b0-823f-4875-962a-ddaa36d32387,866000,07:48:00,07:48:00,10,,1,0,15284.0,1,1,0
c82a2be9-0f22-4923-b3f1-b35ce170fdf6,866000,06:44:00,06:44:00,1,,0,0,0.0,1,1,1
c82a2be9-0f22-4923-b3f1-b35ce170fdf6,866039,06:53:00,06:53:00,2,,0,0,3181.0,1,1,0
c82a2be9-0f22-4923-b3f1-b35ce170fdf6,8660692,06:56:00,06:56:00,3,,0,0,4523.0,1,1,1
c82a2be9-0f22-4923-b3f1-b35ce170fdf6,8661266,06:56:30,06:56:30,4,,0,0,4689.0,1,1,0
c82a2be9-0f22-4923-b3f1-b35ce170fdf6,8662015,07:08:00,07:08:00,5,,0,0,8612.0,1,1,1
c82a2be9-0f22-4923-b3f1-b35ce170fdf6,8662025,07:11:00,07:11:00,6,,0,0,9690.0,1,1,0
c82a2be9-0f22-4923-b3f1-b35ce170fdf6,8662026,07:13:00,07:13:00,7,,0,0,10105.0,1,1,0
c82a2be9-0f22-4923-b3f1-b35ce170fdf6,8662028,07:15:00,07:15:00,8,,0,0,10701.0,1,1,0
c82a2be9-0f22-4923-b3f1-b35ce170fdf6,8666036,07:17:00,07:17:00,9,,0,0,11312.0,1,1,1
c82a2be9-0f22-4923-b3f1-b35ce170fdf6,866000,07:29:00,07:29:00,10,,1,0,15284.0,1,1,0
2ddd7070-15bc-4371-9234-612517b7f78a,866000,10:15:00,10:15:00,1,,0,0,0.0,1,1,1
2ddd7070-15bc-4371-9234-612517b7f78a,8662010,10:24:00,10:24:00,2,,0,0,3486.0,1,1,1
2ddd7070-15bc-4371-9234-612517b7f78a,8662011,10:26:00,10:26:00,3,,0,0,4018.0,1,1,0
2ddd7070-15bc-4371-9234-612517b7f78a,8662013,10:28:00,10:28:00,4,,0,0,4706.0,1,1,0
2ddd7070-15bc-4371-9234-612517b7f78a,8662014,10:30:00,10:30:00,5,,0,0,5231.0,1,1,0
2ddd7070-15bc-4371-9234-612517b7f78a,8662015,10:32:00,10:32:00,6,,1,0,5686.0,1,1,1
3c96a3fb-f092-4dd7-89a2-86798c9fc6ff,866000,09:31:00,09:31:00,1,,0,0,0.0,1,1,1
3c96a3fb-f092-4dd7-89a2-86798c9fc6ff,8662010,09:48:00,09:48:00,2,,0,0,3486.0,1,1,1
3c96a3fb-f092-4dd7-89a2-86798c9fc6ff,8662011,09:50:00,09:50:00,3,,0,0,4018.0,1,1,0
3c96a3fb-f092-4dd7-89a2-86798c9fc6ff,8662013,09:52:00,09:52:00,4,,0,0,4706.0,1,1,0
3c96a3fb-f092-4dd7-89a2-86798c9fc6ff,8662014,09:54:00,09:54:00,5,,0,0,5231.0,1,1,0
3c96a3fb-f092-4dd7-89a2-86798c9fc6ff,8662015,09:56:00,09:56:00,6,,1,0,5686.0,1,1,1
ab81ffdd-34dd-4cf3-af31-65c36488bbb8,866000,09:03:00,09:03:00,1,,0,0,0.0,1,1,1
ab81ffdd-34dd-4cf3-af31-65c36488bbb8,8662010,09:18:00,09:18:00,2,,0,0,3486.0,1,1,1
ab81ffdd-34dd-4cf3-af31-65c36488bbb8,8662011,09:20:00,09:20:00,3,,0,0,4018.0,1,1,0
ab81ffdd-34dd-4cf3-af31-65c36488bbb8,8662013,09:22:00,09:22:00,4,,0,0,4706.0,1,1,0
ab81ffdd-34dd-4cf3-af31-65c36488bbb8,8662014,09:24:00,09:24:00,5,,0,0,5231.0,1,1,0
ab81ffdd-34dd-4cf3-af31-65c36488bbb8,8662015,09:26:00,09:26:00,6,,0,0,5686.0,1,1,1
ab81ffdd-34dd-4cf3-af31-65c36488bbb8,866037,09:38:00,09:38:00,7,,0,0,9211.0,1,1,1
ab81ffdd-34dd-4cf3-af31-65c36488bbb8,8660349,09:41:00,09:41:00,8,,0,0,10591.0,1,1,0
ab81ffdd-34dd-4cf3-af31-65c36488bbb8,866000,09:50:00,09:50:00,9,,1,0,14011.0,1,1,0
367baec1-95cd-48e4-93fe-e781c903c0db,866000,08:42:00,08:42:00,1,,0,0,0.0,1,1,1
367baec1-95cd-48e4-93fe-e781c903c0db,8662010,08:57:00,08:57:00,2,,0,0,3486.0,1,1,1
367baec1-95cd-48e4-93fe-e781c903c0db,8662011,08:59:00,08:59:00,3,,0,0,4018.0,1,1,0
367baec1-95cd-48e4-93fe-e781c903c0db,8662013,09:01:00,09:01:00,4,,0,0,4706.0,1,1,0
367baec1-95cd-48e4-93fe-e781c903c0db,8662014,09:03:00,09:03:00,5,,0,0,5231.0,1,1,0
367baec1-95cd-48e4-93fe-e781c903c0db,8662015,09:05:00,09:05:00,6,,0,0,5686.0,1,1,1
367baec1-95cd-48e4-93fe-e781c903c0db,866037,09:17:00,09:17:00,7,,0,0,9211.0,1,1,1
367baec1-95cd-48e4-93fe-e781c903c0db,8660349,09:20:00,09:20:00,8,,0,0,10591.0,1,1,0
367baec1-95cd-48e4-93fe-e781c903c0db,866000,09:29:00,09:29:00,9,,1,0,14011.0,1,1,0
7bc4d1f8-1c0e-4801-a38d-b7540d7349c4,866000,08:20:00,08:20:00,1,,0,0,0.0,1,1,1
7bc4d1f8-1c0e-4801-a38d-b7540d7349c4,8662010,08:29:00,08:29:00,2,,0,0,3486.0,1,1,1
7bc4d1f8-1c0e-4801-a38d-b7540d7349c4,8662011,08:31:00,08:31:00,3,,0,0,4018.0,1,1,0
7bc4d1f8-1c0e-4801-a38d-b7540d7349c4,8662013,08:33:00,08:33:00,4,,0,0,4706.0,1,1,0
7bc4d1f8-1c0e-4801-a38d-b7540d7349c4,8662014,08:35:00,08:35:00,5,,0,0,5231.0,1,1,0
7bc4d1f8-1c0e-4801-a38d-b7540d7349c4,8662015,08:37:00,08:37:00,6,,0,0,5686.0,1,1,1
7bc4d1f8-1c0e-4801-a38d-b7540d7349c4,866037,08:49:00,08:49:00,7,,0,0,9211.0,1,1,1
7bc4d1f8-1c0e-4801-a38d-b7540d7349c4,8660349,08:52:00,08:52:00,8,,0,0,10591.0,1,1,0
7bc4d1f8-1c0e-4801-a38d-b7540d7349c4,866000,09:01:00,09:01:00,9,,1,0,14011.0,1,1,0
fc7fce12-04aa-4519-9bae-9e8bb532fd25,866000,07:46:00,07:46:00,1,,0,0,0.0,1,1,1
fc7fce12-04aa-4519-9bae-9e8bb532fd25,8662010,07:55:00,07:55:00,2,,0,0,3486.0,1,1,1
fc7fce12-04aa-4519-9bae-9e8bb532fd25,8662011,07:57:00,07:57:00,3,,0,0,4018.0,1,1,0
fc7fce12-04aa-4519-9bae-9e8bb532fd25,8662013,07:59:00,07:59:00,4,,0,0,4706.0,1,1,0
fc7fce12-04aa-4519-9bae-9e8bb532fd25,8662014,08:01:00,08:01:00,5,,0,0,5231.0,1,1,0
fc7fce12-04aa-4519-9bae-9e8bb532fd25,8662015,08:03:00,08:03:00,6,,0,0,5686.0,1,1,1
fc7fce12-04aa-4519-9bae-9e8bb532fd25,866037,08:15:00,08:15:00,7,,0,0,9211.0,1,1,1
fc7fce12-04aa-4519-9bae-9e8bb532fd25,8660349,08:18:00,08:18:00,8,,0,0,10591.0,1,1,0
fc7fce12-04aa-4519-9bae-9e8bb532fd25,866000,08:27:00,08:27:00,9,,1,0,14011.0,1,1,0
007657b9-66ba-401d-8b69-58967f880683,866000,07:30:00,07:30:00,1,,0,0,0.0,1,1,1
007657b9-66ba-401d-8b69-58967f880683,8662010,07:39:00,07:39:00,2,,0,0,3486.0,1,1,1
007657b9-66ba-401d-8b69-58967f880683,8662011,07:41:00,07:41:00,3,,0,0,4018.0,1,1,0
007657b9-66ba-401d-8b69-58967f880683,8662013,07:43:00,07:43:00,4,,0,0,4706.0,1,1,0
007657b9-66ba-401d-8b69-58967f880683,8662014,07:45:00,07:45:00,5,,0,0,5231.0,1,1,0
007657b9-66ba-401d-8b69-58967f880683,8662015,07:47:00,07:47:00,6,,0,0,5686.0,1,1,1
007657b9-66ba-401d-8b69-58967f880683,866037,07:59:00,07:59:00,7,,0,0,9211.0,1,1,1
007657b9-66ba-401d-8b69-58967f880683,8660349,08:02:00,08:02:00,8,,0,0,10591.0,1,1,0
007657b9-66ba-401d-8b69-58967f880683,866000,08:11:00,08:11:00,9,,1,0,14011.0,1,1,0
ef6ab578-0c76-46cc-8503-c2d071cd22e1,866000,07:03:00,07:03:00,1,,0,0,0.0,1,1,1
ef6ab578-0c76-46cc-8503-c2d071cd22e1,8662010,07:12:00,07:12:00,2,,0,0,3486.0,1,1,1
ef6ab578-0c76-46cc-8503-c2d071cd22e1,8662011,07:14:00,07:14:00,3,,0,0,4018.0,1,1,0
ef6ab578-0c76-46cc-8503-c2d071cd22e1,8662013,07:16:00,07:16:00,4,,0,0,4706.0,1,1,0
ef6ab578-0c76-46cc-8503-c2d071cd22e1,8662014,07:18:00,07:18:00,5,,0,0,5231.0,1,1,0
ef6ab578-0c76-46cc-8503-c2d071cd22e1,8662015,07:20:00,07:20:00,6,,0,0,5686.0,1,1,1
ef6ab578-0c76-46cc-8503-c2d071cd22e1,866037,07:32:00,07:32:00,7,,0,0,9211.0,1,1,1
ef6ab578-0c76-46cc-8503-c2d071cd22e1,8660349,07:35:00,07:35:00,8,,0,0,10591.0,1,1,0
ef6ab578-0c76-46cc-8503-c2d071cd22e1,866000,07:44:00,07:44:00,9,,1,0,14011.0,1,1,0
de1325d3-50eb-4858-bc91-51b115f63e85,866000,06:44:00,06:44:00,1,,0,0,0.0,1,1,1
de1325d3-50eb-4858-bc91-51b115f63e85,8662010,06:53:00,06:53:00,2,,0,0,3486.0,1,1,1
de1325d3-50eb-4858-bc91-51b115f63e85,8662011,06:55:00,06:55:00,3,,0,0,4018.0,1,1,0
de1325d3-50eb-4858-bc91-51b115f63e85,8662013,06:57:00,06:57:00,4,,0,0,4706.0,1,1,0
de1325d3-50eb-4858-bc91-51b115f63e85,8662014,06:59:00,06:59:00,5,,0,0,5231.0,1,1,0
de1325d3-50eb-4858-bc91-51b115f63e85,8662015,07:01:00,07:01:00,6,,0,0,5686.0,1,1,1
de1325d3-50eb-4858-bc91-51b115f63e85,866037,07:13:00,07:13:00,7,,0,0,9211.0,1,1,1
de1325d3-50eb-4858-bc91-51b115f63e85,8660349,07:16:00,07:16:00,8,,0,0,10591.0,1,1,0
de1325d3-50eb-4858-bc91-51b115f63e85,866000,07:25:00,07:25:00,9,,1,0,14011.0,1,1,0
228dd9bf-f911-41d8-9a47-1da3c7f9704e,866037,06:25:00,06:25:00,1,,0,0,0.0,1,1,1
228dd9bf-f911-41d8-9a47-1da3c7f9704e,8660349,06:28:00,06:28:00,2,,0,0,1812.0,1,1,0
228dd9bf-f911-41d8-9a47-1da3c7f9704e,866000,06:37:00,06:37:00,3,,1,0,5232.0,1,1,0
d4c74a22-aaec-4543-980d-efd0a8c4e64a,866037,06:44:00,06:44:00,1,,0,0,0.0,1,1,1
d4c74a22-aaec-4543-980d-efd0a8c4e64a,8660349,06:47:00,06:47:00,2,,0,0,1812.0,1,1,0
d4c74a22-aaec-4543-980d-efd0a8c4e64a,866000,06:56:00,06:56:00,3,,1,0,5232.0,1,1,0
6ba8c685-580c-47b4-9ec1-ddfebd723aaf,866000,19:26:00,19:26:00,1,,0,0,0.0,1,1,1
6ba8c685-580c-47b4-9ec1-ddfebd723aaf,866010,19:32:00,19:32:00,2,,0,0,1975.0,1,1,1
6ba8c685-580c-47b4-9ec1-ddfebd723aaf,8662006,19:34:00,19:34:00,3,,0,0,2833.0,1,1,0
6ba8c685-580c-47b4-9ec1-ddfebd723aaf,866015,19:35:00,19:35:00,4,,0,0,3212.0,1,1,0
6ba8c685-580c-47b4-9ec1-ddfebd723aaf,866017,19:41:00,19:41:00,5,,0,0,4503.0,1,1,1
6ba8c685-580c-47b4-9ec1-ddfebd723aaf,8662030,19:45:00,19:45:00,6,,0,0,5833.0,1,1,0
6ba8c685-580c-47b4-9ec1-ddfebd723aaf,866011,19:47:00,19:47:00,7,,0,0,6471.0,1,1,0
6ba8c685-580c-47b4-9ec1-ddfebd723aaf,866014,19:49:00,19:49:00,8,,0,0,7112.0,1,1,1
6ba8c685-580c-47b4-9ec1-ddfebd723aaf,8662032,19:51:00,19:51:00,9,,0,0,7963.0,1,1,0
6ba8c685-580c-47b4-9ec1-ddfebd723aaf,8662033,19:54:00,19:54:00,10,,0,0,8739.0,1,1,1
6ba8c685-580c-47b4-9ec1-ddfebd723aaf,866000,20:01:00,20:01:00,11,,1,0,10989.0,1,1,0
84a85e00-d46c-4fa4-9b0a-a23a50c34580,866000,19:11:00,19:11:00,1,,0,0,0.0,1,1,1
84a85e00-d46c-4fa4-9b0a-a23a50c34580,866010,19:17:00,19:17:00,2,,0,0,1975.0,1,1,1
84a85e00-d46c-4fa4-9b0a-a23a50c34580,8662006,19:19:00,19:19:00,3,,0,0,2833.0,1,1,0
84a85e00-d46c-4fa4-9b0a-a23a50c34580,866015,19:20:00,19:20:00,4,,0,0,3212.0,1,1,0
84a85e00-d46c-4fa4-9b0a-a23a50c34580,866017,19:26:00,19:26:00,5,,0,0,4503.0,1,1,1
84a85e00-d46c-4fa4-9b0a-a23a50c34580,8662030,19:30:00,19:30:00,6,,0,0,5833.0,1,1,0
84a85e00-d46c-4fa4-9b0a-a23a50c34580,866011,19:32:00,19:32:00,7,,0,0,6471.0,1,1,0
84a85e00-d46c-4fa4-9b0a-a23a50c34580,866014,19:34:00,19:34:00,8,,0,0,7112.0,1,1,1
84a85e00-d46c-4fa4-9b0a-a23a50c34580,8662032,19:36:00,19:36:00,9,,0,0,7963.0,1,1,0
84a85e00-d46c-4fa4-9b0a-a23a50c34580,8662033,19:39:00,19:39:00,10,,0,0,8739.0,1,1,1
84a85e00-d46c-4fa4-9b0a-a23a50c34580,866000,19:46:00,19:46:00,11,,1,0,10989.0,1,1,0
232fac7f-39e9-489f-a6db-a4deaa6b4f85,866000,18:35:00,18:35:00,1,,0,0,0.0,1,1,1
232fac7f-39e9-489f-a6db-a4deaa6b4f85,866010,18:41:00,18:41:00,2,,0,0,1975.0,1,1,1
232fac7f-39e9-489f-a6db-a4deaa6b4f85,8662006,18:43:00,18:43:00,3,,0,0,2833.0,1,1,0
232fac7f-39e9-489f-a6db-a4deaa6b4f85,866015,18:44:00,18:44:00,4,,0,0,3212.0,1,1,0
232fac7f-39e9-489f-a6db-a4deaa6b4f85,866017,18:50:00,18:50:00,5,,0,0,4503.0,1,1,1
232fac7f-39e9-489f-a6db-a4deaa6b4f85,8662030,18:54:00,18:54:00,6,,0,0,5833.0,1,1,0
232fac7f-39e9-489f-a6db-a4deaa6b4f85,866011,18:56:00,18:56:00,7,,0,0,6471.0,1,1,0
232fac7f-39e9-489f-a6db-a4deaa6b4f85,866014,18:58:00,18:58:00,8,,0,0,7112.0,1,1,1
232fac7f-39e9-489f-a6db-a4deaa6b4f85,8662032,19:00:00,19:00:00,9,,0,0,7963.0,1,1,0
232fac7f-39e9-489f-a6db-a4deaa6b4f85,8662033,19:03:00,19:03:00,10,,0,0,8739.0,1,1,1
232fac7f-39e9-489f-a6db-a4deaa6b4f85,866000,19:10:00,19:10:00,11,,1,0,10989.0,1,1,0
ee932baa-96bc-45d8-bdfb-55c116599631,866000,18:19:00,18:19:00,1,,0,0,0.0,1,1,1
ee932baa-96bc-45d8-bdfb-55c116599631,866010,18:25:00,18:25:00,2,,0,0,1975.0,1,1,1
ee932baa-96bc-45d8-bdfb-55c116599631,8662006,18:27:00,18:27:00,3,,0,0,2833.0,1,1,0
ee932baa-96bc-45d8-bdfb-55c116599631,866015,18:28:00,18:28:00,4,,0,0,3212.0,1,1,0
ee932baa-96bc-45d8-bdfb-55c116599631,866017,18:34:00,18:34:00,5,,0,0,4503.0,1,1,1
ee932baa-96bc-45d8-bdfb-55c116599631,8662030,18:38:00,18:38:00,6,,0,0,5833.0,1,1,0
ee932baa-96bc-45d8-bdfb-55c116599631,866011,18:40:00,18:40:00,7,,0,0,6471.0,1,1,0
ee932baa-96bc-45d8-bdfb-55c116599631,866014,18:42:00,18:42:00,8,,0,0,7112.0,1,1,1
ee932baa-96bc-45d8-bdfb-55c116599631,8662032,18:44:00,18:44:00,9,,0,0,7963.0,1,1,0
ee932baa-96bc-45d8-bdfb-55c116599631,8662033,18:47:00,18:47:00,10,,0,0,8739.0,1,1,1
ee932baa-96bc-45d8-bdfb-55c116599631,866000,18:55:00,18:55:00,11,,1,0,10989.0,1,1,0
e34a4f07-602a-4994-bd47-81ca5edf09c5,866000,17:57:00,17:57:00,1,,0,0,0.0,1,1,1
e34a4f07-602a-4994-bd47-81ca5edf09c5,866010,18:03:00,18:03:00,2,,0,0,1975.0,1,1,1
e34a4f07-602a-4994-bd47-81ca5edf09c5,8662006,18:05:00,18:05:00,3,,0,0,2833.0,1,1,0
e34a4f07-602a-4994-bd47-81ca5edf09c5,866015,18:06:00,18:06:00,4,,0,0,3212.0,1,1,0
e34a4f07-602a-4994-bd47-81ca5edf09c5,866017,18:12:00,18:12:00,5,,0,0,4503.0,1,1,1
e34a4f07-602a-4994-bd47-81ca5edf09c5,8662030,18:16:00,18:16:00,6,,0,0,5833.0,1,1,0
e34a4f07-602a-4994-bd47-81ca5edf09c5,866011,18:18:00,18:18:00,7,,0,0,6471.0,1,1,0
e34a4f07-602a-4994-bd47-81ca5edf09c5,866014,18:20:00,18:20:00,8,,0,0,7112.0,1,1,1
e34a4f07-602a-4994-bd47-81ca5edf09c5,8662032,18:22:00,18:22:00,9,,0,0,7963.0,1,1,0
e34a4f07-602a-4994-bd47-81ca5edf09c5,8662033,18:25:00,18:25:00,10,,0,0,8739.0,1,1,1
e34a4f07-602a-4994-bd47-81ca5edf09c5,866000,18:33:00,18:33:00,11,,1,0,10989.0,1,1,0
cebedc21-424a-4563-84e4-1aca4594ce58,866000,17:30:00,17:30:00,1,,0,0,0.0,1,1,1
cebedc21-424a-4563-84e4-1aca4594ce58,866010,17:36:00,17:36:00,2,,0,0,1975.0,1,1,1
cebedc21-424a-4563-84e4-1aca4594ce58,8662006,17:38:00,17:38:00,3,,0,0,2833.0,1,1,0
cebedc21-424a-4563-84e4-1aca4594ce58,866015,17:39:00,17:39:00,4,,0,0,3212.0,1,1,0
cebedc21-424a-4563-84e4-1aca4594ce58,866017,17:45:00,17:45:00,5,,0,0,4503.0,1,1,1
cebedc21-424a-4563-84e4-1aca4594ce58,8662030,17:49:00,17:49:00,6,,0,0,5833.0,1,1,0
cebedc21-424a-4563-84e4-1aca4594ce58,866011,17:51:00,17:51:00,7,,0,0,6471.0,1,1,0
cebedc21-424a-4563-84e4-1aca4594ce58,866014,17:53:00,17:53:00,8,,0,0,7112.0,1,1,1
cebedc21-424a-4563-84e4-1aca4594ce58,8662032,17:55:00,17:55:00,9,,0,0,7963.0,1,1,0
cebedc21-424a-4563-84e4-1aca4594ce58,8662033,17:58:00,17:58:00,10,,0,0,8739.0,1,1,1
cebedc21-424a-4563-84e4-1aca4594ce58,866000,18:06:00,18:06:00,11,,1,0,10989.0,1,1,0
f02b05b3-9b49-45bf-a5ab-d736c92b66b4,866000,17:10:00,17:10:00,1,,0,0,0.0,1,1,1
f02b05b3-9b49-45bf-a5ab-d736c92b66b4,866010,17:16:00,17:16:00,2,,0,0,1975.0,1,1,1
f02b05b3-9b49-45bf-a5ab-d736c92b66b4,8662006,17:18:00,17:18:00,3,,0,0,2833.0,1,1,0
f02b05b3-9b49-45bf-a5ab-d736c92b66b4,866015,17:19:00,17:19:00,4,,0,0,3212.0,1,1,0
f02b05b3-9b49-45bf-a5ab-d736c92b66b4,866017,17:25:00,17:25:00,5,,0,0,4503.0,1,1,1
f02b05b3-9b49-45bf-a5ab-d736c92b66b4,8662030,17:29:00,17:29:00,6,,0,0,5833.0,1,1,0
f02b05b3-9b49-45bf-a5ab-d736c92b66b4,866011,17:31:00,17:31:00,7,,0,0,6471.0,1,1,0
f02b05b3-9b49-45bf-a5ab-d736c92b66b4,866014,17:33:00,17:33:00,8,,0,0,7112.0,1,1,1
f02b05b3-9b49-45bf-a5ab-d736c92b66b4,8662032,17:35:00,17:35:00,9,,0,0,7963.0,1,1,0
f02b05b3-9b49-45bf-a5ab-d736c92b66b4,8662033,17:38:00,17:38:00,10,,0,0,8739.0,1,1,1
f02b05b3-9b49-45bf-a5ab-d736c92b66b4,866000,17:45:00,17:45:00,11,,1,0,10989.0,1,1,0
ada604a5-3806-42ee-bcc5-6bb11242d149,866000,16:47:00,16:47:00,1,,0,0,0.0,1,1,1
ada604a5-3806-42ee-bcc5-6bb11242d149,866010,16:53:00,16:53:00,2,,0,0,1975.0,1,1,1
ada604a5-3806-42ee-bcc5-6bb11242d149,8662006,16:55:00,16:55:00,3,,0,0,2833.0,1,1,0
ada604a5-3806-42ee-bcc5-6bb11242d149,866015,16:56:00,16:56:00,4,,0,0,3212.0,1,1,0
ada604a5-3806-42ee-bcc5-6bb11242d149,866017,17:02:00,17:02:00,5,,0,0,4503.0,1,1,1
ada604a5-3806-42ee-bcc5-6bb11242d149,8662030,17:06:00,17:06:00,6,,0,0,5833.0,1,1,0
ada604a5-3806-42ee-bcc5-6bb11242d149,866011,17:08:00,17:08:00,7,,0,0,6471.0,1,1,0
ada604a5-3806-42ee-bcc5-6bb11242d149,866014,17:10:00,17:10:00,8,,0,0,7112.0,1,1,1
ada604a5-3806-42ee-bcc5-6bb11242d149,8662032,17:12:00,17:12:00,9,,0,0,7963.0,1,1,0
ada604a5-3806-42ee-bcc5-6bb11242d149,8662033,17:15:00,17:15:00,10,,0,0,8739.0,1,1,1
ada604a5-3806-42ee-bcc5-6bb11242d149,866000,17:22:00,17:22:00,11,,1,0,10989.0,1,1,0
21bd1e57-7fc7-49b2-9322-9349ea9267c6,866000,16:25:00,16:25:00,1,,0,0,0.0,1,1,1
21bd1e57-7fc7-49b2-9322-9349ea9267c6,866010,16:31:00,16:31:00,2,,0,0,1975.0,1,1,1
21bd1e57-7fc7-49b2-9322-9349ea9267c6,8662006,16:33:00,16:33:00,3,,0,0,2833.0,1,1,0
21bd1e57-7fc7-49b2-9322-9349ea9267c6,866015,16:34:00,16:34:00,4,,0,0,3212.0,1,1,0
21bd1e57-7fc7-49b2-9322-9349ea9267c6,866017,16:40:00,16:40:00,5,,0,0,4503.0,1,1,1
21bd1e57-7fc7-49b2-9322-9349ea9267c6,8662030,16:44:00,16:44:00,6,,0,0,5833.0,1,1,0
21bd1e57-7fc7-49b2-9322-9349ea9267c6,866011,16:46:00,16:46:00,7,,0,0,6471.0,1,1,0
21bd1e57-7fc7-49b2-9322-9349ea9267c6,866014,16:48:00,16:48:00,8,,0,0,7112.0,1,1,1
21bd1e57-7fc7-49b2-9322-9349ea9267c6,8662032,16:50:00,16:50:00,9,,0,0,7963.0,1,1,0
21bd1e57-7fc7-49b2-9322-9349ea9267c6,8662033,16:53:00,16:53:00,10,,0,0,8739.0,1,1,1
21bd1e57-7fc7-49b2-9322-9349ea9267c6,866000,17:00:00,17:00:00,11,,1,0,10989.0,1,1,0
05f5d388-f43a-41be-b864-2780830201b3,866000,16:08:00,16:08:00,1,,0,0,0.0,1,1,1
05f5d388-f43a-41be-b864-2780830201b3,866010,16:14:00,16:14:00,2,,0,0,1975.0,1,1,1
05f5d388-f43a-41be-b864-2780830201b3,8662006,16:16:00,16:16:00,3,,0,0,2833.0,1,1,0
05f5d388-f43a-41be-b864-2780830201b3,866015,16:17:00,16:17:00,4,,0,0,3212.0,1,1,0
05f5d388-f43a-41be-b864-2780830201b3,866017,16:23:00,16:23:00,5,,0,0,4503.0,1,1,1
05f5d388-f43a-41be-b864-2780830201b3,8662030,16:27:00,16:27:00,6,,0,0,5833.0,1,1,0
05f5d388-f43a-41be-b864-2780830201b3,866011,16:29:00,16:29:00,7,,0,0,6471.0,1,1,0
05f5d388-f43a-41be-b864-2780830201b3,866014,16:31:00,16:31:00,8,,0,0,7112.0,1,1,1
05f5d388-f43a-41be-b864-2780830201b3,8662032,16:33:00,16:33:00,9,,0,0,7963.0,1,1,0
05f5d388-f43a-41be-b864-2780830201b3,8662033,16:36:00,16:36:00,10,,0,0,8739.0,1,1,1
05f5d388-f43a-41be-b864-2780830201b3,866000,16:43:00,16:43:00,11,,1,0,10989.0,1,1,0
22b1f41d-d3bf-43b6-bb7e-2cf59212e43e,866017,15:26:00,15:26:00,1,,0,0,0.0,1,1,1
22b1f41d-d3bf-43b6-bb7e-2cf59212e43e,8662030,15:30:00,15:30:00,2,,0,0,1330.0,1,1,0
22b1f41d-d3bf-43b6-bb7e-2cf59212e43e,866011,15:32:00,15:32:00,3,,0,0,1965.0,1,1,0
22b1f41d-d3bf-43b6-bb7e-2cf59212e43e,866014,15:34:00,15:34:00,4,,0,0,2609.0,1,1,1
22b1f41d-d3bf-43b6-bb7e-2cf59212e43e,8662032,15:36:00,15:36:00,5,,0,0,3460.0,1,1,0
22b1f41d-d3bf-43b6-bb7e-2cf59212e43e,8662033,15:39:00,15:39:00,6,,0,0,4236.0,1,1,1
22b1f41d-d3bf-43b6-bb7e-2cf59212e43e,866000,15:45:00,15:45:00,7,,1,0,6486.0,1,1,0
962d60ae-3c9d-455f-919d-db1c943e17ab,866000,15:47:00,15:47:00,1,,0,0,0.0,1,1,1
962d60ae-3c9d-455f-919d-db1c943e17ab,866010,15:53:00,15:53:00,2,,0,0,1975.0,1,1,1
962d60ae-3c9d-455f-919d-db1c943e17ab,8662006,15:55:00,15:55:00,3,,0,0,2833.0,1,1,0
962d60ae-3c9d-455f-919d-db1c943e17ab,866015,15:59:00,15:59:00,4,,0,0,3212.0,1,1,0
962d60ae-3c9d-455f-919d-db1c943e17ab,866017,16:02:00,16:02:00,5,,0,0,4503.0,1,1,1
962d60ae-3c9d-455f-919d-db1c943e17ab,8662030,16:06:00,16:06:00,6,,0,0,5833.0,1,1,0
962d60ae-3c9d-455f-919d-db1c943e17ab,866011,16:08:00,16:08:00,7,,0,0,6471.0,1,1,0
962d60ae-3c9d-455f-919d-db1c943e17ab,866014,16:10:00,16:10:00,8,,0,0,7112.0,1,1,1
962d60ae-3c9d-455f-919d-db1c943e17ab,8662032,16:12:00,16:12:00,9,,0,0,7963.0,1,1,0
962d60ae-3c9d-455f-919d-db1c943e17ab,8662033,16:15:00,16:15:00,10,,0,0,8739.0,1,1,1
962d60ae-3c9d-455f-919d-db1c943e17ab,866000,16:21:00,16:21:00,11,,1,0,10989.0,1,1,0
30f99607-6104-455f-86cc-d66ca59e64e1,866017,15:41:00,15:41:00,1,,0,0,0.0,1,1,1
30f99607-6104-455f-86cc-d66ca59e64e1,8662030,15:45:00,15:45:00,2,,0,0,1330.0,1,1,0
30f99607-6104-455f-86cc-d66ca59e64e1,866011,15:47:00,15:47:00,3,,0,0,1965.0,1,1,0
30f99607-6104-455f-86cc-d66ca59e64e1,866014,15:49:00,15:49:00,4,,0,0,2609.0,1,1,1
30f99607-6104-455f-86cc-d66ca59e64e1,8662032,15:51:00,15:51:00,5,,0,0,3460.0,1,1,0
30f99607-6104-455f-86cc-d66ca59e64e1,8662033,15:54:00,15:54:00,6,,0,0,4236.0,1,1,1
30f99607-6104-455f-86cc-d66ca59e64e1,866000,16:00:00,16:00:00,7,,1,0,6486.0,1,1,0
681667fc-a731-4301-9466-3fcad8ebc8d6,866000,19:07:00,19:07:00,1,,0,0,0.0,1,1,1
681667fc-a731-4301-9466-3fcad8ebc8d6,8662010,19:16:00,19:16:00,2,,0,0,3486.0,1,1,1
681667fc-a731-4301-9466-3fcad8ebc8d6,8662011,19:18:00,19:18:00,3,,0,0,4018.0,1,1,0
681667fc-a731-4301-9466-3fcad8ebc8d6,8662013,19:20:00,19:20:00,4,,0,0,4706.0,1,1,0
681667fc-a731-4301-9466-3fcad8ebc8d6,8662014,19:22:00,19:22:00,5,,0,0,5231.0,1,1,0
681667fc-a731-4301-9466-3fcad8ebc8d6,8662015,19:24:00,19:24:00,6,,0,0,5686.0,1,1,1
681667fc-a731-4301-9466-3fcad8ebc8d6,866037,19:36:00,19:36:00,7,,0,0,9211.0,1,1,1
681667fc-a731-4301-9466-3fcad8ebc8d6,8660349,19:39:00,19:39:00,8,,0,0,10591.0,1,1,0
681667fc-a731-4301-9466-3fcad8ebc8d6,866000,19:49:00,19:49:00,9,,1,0,14034.0,1,1,0
fc3502f5-0d3e-40b3-8cbc-0d5d953175ba,866000,18:35:00,18:35:00,1,,0,0,0.0,1,1,1
fc3502f5-0d3e-40b3-8cbc-0d5d953175ba,8662010,18:44:00,18:44:00,2,,0,0,3486.0,1,1,1
fc3502f5-0d3e-40b3-8cbc-0d5d953175ba,8662011,18:46:00,18:46:00,3,,0,0,4018.0,1,1,0
fc3502f5-0d3e-40b3-8cbc-0d5d953175ba,8662013,18:48:00,18:48:00,4,,0,0,4706.0,1,1,0
fc3502f5-0d3e-40b3-8cbc-0d5d953175ba,8662014,18:50:00,18:50:00,5,,0,0,5231.0,1,1,0
fc3502f5-0d3e-40b3-8cbc-0d5d953175ba,8662015,18:52:00,18:52:00,6,,0,0,5686.0,1,1,1
fc3502f5-0d3e-40b3-8cbc-0d5d953175ba,866037,19:04:00,19:04:00,7,,0,0,9211.0,1,1,1
fc3502f5-0d3e-40b3-8cbc-0d5d953175ba,8660349,19:07:00,19:07:00,8,,0,0,10591.0,1,1,0
fc3502f5-0d3e-40b3-8cbc-0d5d953175ba,866000,19:17:00,19:17:00,9,,1,0,14034.0,1,1,0
9c022995-bb18-4c0f-9a4a-ead8551cf86c,866000,18:12:00,18:12:00,1,,0,0,0.0,1,1,1
9c022995-bb18-4c0f-9a4a-ead8551cf86c,8662010,18:21:00,18:21:00,2,,0,0,3486.0,1,1,1
9c022995-bb18-4c0f-9a4a-ead8551cf86c,8662011,18:23:00,18:23:00,3,,0,0,4018.0,1,1,0
9c022995-bb18-4c0f-9a4a-ead8551cf86c,8662013,18:25:00,18:25:00,4,,0,0,4706.0,1,1,0
9c022995-bb18-4c0f-9a4a-ead8551cf86c,8662014,18:27:00,18:27:00,5,,0,0,5231.0,1,1,0
9c022995-bb18-4c0f-9a4a-ead8551cf86c,8662015,18:29:00,18:29:00,6,,0,0,5686.0,1,1,1
9c022995-bb18-4c0f-9a4a-ead8551cf86c,866037,18:41:00,18:41:00,7,,0,0,9211.0,1,1,1
9c022995-bb18-4c0f-9a4a-ead8551cf86c,8660349,18:44:00,18:44:00,8,,0,0,10591.0,1,1,0
9c022995-bb18-4c0f-9a4a-ead8551cf86c,866000,18:54:00,18:54:00,9,,1,0,14034.0,1,1,0
e0853e00-6be3-4413-9333-092dbd6a9489,866000,17:51:00,17:51:00,1,,0,0,0.0,1,1,1
e0853e00-6be3-4413-9333-092dbd6a9489,8662010,18:00:00,18:00:00,2,,0,0,3486.0,1,1,1
e0853e00-6be3-4413-9333-092dbd6a9489,8662011,18:02:00,18:02:00,3,,0,0,4018.0,1,1,0
e0853e00-6be3-4413-9333-092dbd6a9489,8662013,18:04:00,18:04:00,4,,0,0,4706.0,1,1,0
e0853e00-6be3-4413-9333-092dbd6a9489,8662014,18:06:00,18:06:00,5,,0,0,5231.0,1,1,0
e0853e00-6be3-4413-9333-092dbd6a9489,8662015,18:08:00,18:08:00,6,,0,0,5686.0,1,1,1
e0853e00-6be3-4413-9333-092dbd6a9489,866037,18:20:00,18:20:00,7,,0,0,9211.0,1,1,1
e0853e00-6be3-4413-9333-092dbd6a9489,8660349,18:23:00,18:23:00,8,,0,0,10591.0,1,1,0
e0853e00-6be3-4413-9333-092dbd6a9489,866000,18:33:00,18:33:00,9,,1,0,14034.0,1,1,0
b2e76cc1-36bd-437a-a0d5-b31fc46bdb85,866000,17:24:00,17:24:00,1,,0,0,0.0,1,1,1
b2e76cc1-36bd-437a-a0d5-b31fc46bdb85,8662010,17:33:00,17:33:00,2,,0,0,3486.0,1,1,1
b2e76cc1-36bd-437a-a0d5-b31fc46bdb85,8662011,17:35:00,17:35:00,3,,0,0,4018.0,1,1,0
b2e76cc1-36bd-437a-a0d5-b31fc46bdb85,8662013,17:37:00,17:37:00,4,,0,0,4706.0,1,1,0
b2e76cc1-36bd-437a-a0d5-b31fc46bdb85,8662014,17:39:00,17:39:00,5,,0,0,5231.0,1,1,0
b2e76cc1-36bd-437a-a0d5-b31fc46bdb85,8662015,17:41:00,17:41:00,6,,0,0,5686.0,1,1,1
b2e76cc1-36bd-437a-a0d5-b31fc46bdb85,866037,17:53:00,17:53:00,7,,0,0,9211.0,1,1,1
b2e76cc1-36bd-437a-a0d5-b31fc46bdb85,8660349,17:56:00,17:56:00,8,,0,0,10591.0,1,1,0
b2e76cc1-36bd-437a-a0d5-b31fc46bdb85,866000,18:06:00,18:06:00,9,,1,0,14034.0,1,1,0
36accef2-6e8e-4e72-96ec-115332067789,866000,17:03:00,17:03:00,1,,0,0,0.0,1,1,1
36accef2-6e8e-4e72-96ec-115332067789,8662010,17:12:00,17:12:00,2,,0,0,3486.0,1,1,1
36accef2-6e8e-4e72-96ec-115332067789,8662011,17:14:00,17:14:00,3,,0,0,4018.0,1,1,0
36accef2-6e8e-4e72-96ec-115332067789,8662013,17:16:00,17:16:00,4,,0,0,4706.0,1,1,0
36accef2-6e8e-4e72-96ec-115332067789,8662014,17:18:00,17:18:00,5,,0,0,5231.0,1,1,0
36accef2-6e8e-4e72-96ec-115332067789,8662015,17:20:00,17:20:00,6,,0,0,5686.0,1,1,1
36accef2-6e8e-4e72-96ec-115332067789,866037,17:32:00,17:32:00,7,,0,0,9211.0,1,1,1
36accef2-6e8e-4e72-96ec-115332067789,8660349,17:35:00,17:35:00,8,,0,0,10591.0,1,1,0
36accef2-6e8e-4e72-96ec-115332067789,866000,17:45:00,17:45:00,9,,1,0,14034.0,1,1,0
2d785f25-6c3e-453b-bcaf-20b80484df6b,866000,16:38:00,16:38:00,1,,0,0,0.0,1,1,1
2d785f25-6c3e-453b-bcaf-20b80484df6b,8662010,16:47:00,16:47:00,2,,0,0,3486.0,1,1,1
2d785f25-6c3e-453b-bcaf-20b80484df6b,8662011,16:49:00,16:49:00,3,,0,0,4018.0,1,1,0
2d785f25-6c3e-453b-bcaf-20b80484df6b,8662013,16:51:00,16:51:00,4,,0,0,4706.0,1,1,0
2d785f25-6c3e-453b-bcaf-20b80484df6b,8662014,16:53:00,16:53:00,5,,0,0,5231.0,1,1,0
2d785f25-6c3e-453b-bcaf-20b80484df6b,8662015,16:55:00,16:55:00,6,,0,0,5686.0,1,1,1
2d785f25-6c3e-453b-bcaf-20b80484df6b,866037,17:07:00,17:07:00,7,,0,0,9211.0,1,1,1
2d785f25-6c3e-453b-bcaf-20b80484df6b,8660349,17:10:00,17:10:00,8,,0,0,10591.0,1,1,0
2d785f25-6c3e-453b-bcaf-20b80484df6b,866000,17:20:00,17:20:00,9,,1,0,14034.0,1,1,0
a0c17b41-90bf-413e-95e2-0b5107d0ed40,866000,16:18:00,16:18:00,1,,0,0,0.0,1,1,1
a0c17b41-90bf-413e-95e2-0b5107d0ed40,8662010,16:27:00,16:27:00,2,,0,0,3486.0,1,1,1
a0c17b41-90bf-413e-95e2-0b5107d0ed40,8662011,16:29:00,16:29:00,3,,0,0,4018.0,1,1,0
a0c17b41-90bf-413e-95e2-0b5107d0ed40,8662013,16:31:00,16:31:00,4,,0,0,4706.0,1,1,0
a0c17b41-90bf-413e-95e2-0b5107d0ed40,8662014,16:33:00,16:33:00,5,,0,0,5231.0,1,1,0
a0c17b41-90bf-413e-95e2-0b5107d0ed40,8662015,16:35:00,16:35:00,6,,0,0,5686.0,1,1,1
a0c17b41-90bf-413e-95e2-0b5107d0ed40,866037,16:47:00,16:47:00,7,,0,0,9211.0,1,1,1
a0c17b41-90bf-413e-95e2-0b5107d0ed40,8660349,16:50:00,16:50:00,8,,0,0,10591.0,1,1,0
a0c17b41-90bf-413e-95e2-0b5107d0ed40,866000,17:00:00,17:00:00,9,,1,0,14034.0,1,1,0
b4ba2018-a858-4c69-8aca-fde2980834a9,866000,15:53:00,15:53:00,1,,0,0,0.0,1,1,1
b4ba2018-a858-4c69-8aca-fde2980834a9,8662010,16:02:00,16:02:00,2,,0,0,3486.0,1,1,1
b4ba2018-a858-4c69-8aca-fde2980834a9,8662011,16:04:00,16:04:00,3,,0,0,4018.0,1,1,0
b4ba2018-a858-4c69-8aca-fde2980834a9,8662013,16:06:00,16:06:00,4,,0,0,4706.0,1,1,0
b4ba2018-a858-4c69-8aca-fde2980834a9,8662014,16:08:00,16:08:00,5,,0,0,5231.0,1,1,0
b4ba2018-a858-4c69-8aca-fde2980834a9,8662015,16:10:00,16:10:00,6,,0,0,5686.0,1,1,1
b4ba2018-a858-4c69-8aca-fde2980834a9,866037,16:22:00,16:22:00,7,,0,0,9211.0,1,1,1
b4ba2018-a858-4c69-8aca-fde2980834a9,8660349,16:25:00,16:25:00,8,,0,0,10591.0,1,1,0
b4ba2018-a858-4c69-8aca-fde2980834a9,866000,16:35:00,16:35:00,9,,1,0,14034.0,1,1,0
0c65655a-a440-4ba7-ac13-dabf95329467,866000,15:17:00,15:17:00,1,,0,0,0.0,1,1,1
0c65655a-a440-4ba7-ac13-dabf95329467,8662010,15:26:00,15:26:00,2,,0,0,3486.0,1,1,1
0c65655a-a440-4ba7-ac13-dabf95329467,8662011,15:28:00,15:28:00,3,,0,0,4018.0,1,1,0
0c65655a-a440-4ba7-ac13-dabf95329467,8662013,15:30:00,15:30:00,4,,0,0,4706.0,1,1,0
0c65655a-a440-4ba7-ac13-dabf95329467,8662014,15:32:00,15:32:00,5,,0,0,5231.0,1,1,0
0c65655a-a440-4ba7-ac13-dabf95329467,8662015,15:34:00,15:34:00,6,,0,0,5686.0,1,1,1
0c65655a-a440-4ba7-ac13-dabf95329467,866037,15:46:00,15:46:00,7,,0,0,9211.0,1,1,1
0c65655a-a440-4ba7-ac13-dabf95329467,8660349,15:49:00,15:49:00,8,,0,0,10591.0,1,1,0
0c65655a-a440-4ba7-ac13-dabf95329467,866000,15:59:00,15:59:00,9,,1,0,14034.0,1,1,0
a0f790c9-7053-403c-8fac-ababa1cd804c,866037,14:47:00,14:47:00,1,,0,0,0.0,1,1,1
a0f790c9-7053-403c-8fac-ababa1cd804c,8660349,14:50:00,14:50:00,2,,0,0,1812.0,1,1,0
a0f790c9-7053-403c-8fac-ababa1cd804c,866000,15:00:00,15:00:00,3,,1,0,5255.0,1,1,0
cf8fb43d-dc0d-45e1-a4cc-49f9bfc9f9f8,866037,15:32:00,15:32:00,1,,0,0,0.0,1,1,1
cf8fb43d-dc0d-45e1-a4cc-49f9bfc9f9f8,8660349,15:35:00,15:35:00,2,,0,0,1812.0,1,1,0
cf8fb43d-dc0d-45e1-a4cc-49f9bfc9f9f8,866000,15:45:00,15:45:00,3,,1,0,5255.0,1,1,0
24b9ee22-a743-4dfc-b813-3e1b8f1fd769,866000,18:12:00,18:12:00,1,,0,0,0.0,1,1,1
24b9ee22-a743-4dfc-b813-3e1b8f1fd769,866039,18:21:00,18:21:00,2,,0,0,3182.0,1,1,0
24b9ee22-a743-4dfc-b813-3e1b8f1fd769,8660692,18:24:00,18:24:00,3,,0,0,4524.0,1,1,1
24b9ee22-a743-4dfc-b813-3e1b8f1fd769,8661266,18:24:30,18:24:30,4,,0,0,4690.0,1,1,0
24b9ee22-a743-4dfc-b813-3e1b8f1fd769,8662015,18:36:00,18:36:00,5,,0,0,8043.0,1,1,1
24b9ee22-a743-4dfc-b813-3e1b8f1fd769,8662025,18:39:00,18:39:00,6,,0,0,8622.0,1,1,0
24b9ee22-a743-4dfc-b813-3e1b8f1fd769,8662026,18:41:00,18:41:00,7,,0,0,9037.0,1,1,0
24b9ee22-a743-4dfc-b813-3e1b8f1fd769,8662028,18:43:00,18:43:00,8,,0,0,9633.0,1,1,0
24b9ee22-a743-4dfc-b813-3e1b8f1fd769,8666036,18:45:00,18:45:00,9,,0,0,10244.0,1,1,1
24b9ee22-a743-4dfc-b813-3e1b8f1fd769,866000,19:00:00,19:00:00,10,,1,0,14216.0,1,1,0
9ba775c5-55e9-4734-be6c-dabd5ed5d778,866000,17:47:00,17:47:00,1,,0,0,0.0,1,1,1
9ba775c5-55e9-4734-be6c-dabd5ed5d778,866039,17:56:00,17:56:00,2,,0,0,3182.0,1,1,0
9ba775c5-55e9-4734-be6c-dabd5ed5d778,8660692,17:59:00,17:59:00,3,,0,0,4524.0,1,1,1
9ba775c5-55e9-4734-be6c-dabd5ed5d778,8661266,17:59:30,17:59:30,4,,0,0,4690.0,1,1,0
9ba775c5-55e9-4734-be6c-dabd5ed5d778,8662015,18:11:00,18:11:00,5,,0,0,8043.0,1,1,1
9ba775c5-55e9-4734-be6c-dabd5ed5d778,8662025,18:14:00,18:14:00,6,,0,0,8622.0,1,1,0
9ba775c5-55e9-4734-be6c-dabd5ed5d778,8662026,18:19:00,18:19:00,7,,0,0,9037.0,1,1,0
9ba775c5-55e9-4734-be6c-dabd5ed5d778,8662028,18:24:00,18:24:00,8,,0,0,9633.0,1,1,0
9ba775c5-55e9-4734-be6c-dabd5ed5d778,8666036,18:27:00,18:27:00,9,,0,0,10244.0,1,1,1
9ba775c5-55e9-4734-be6c-dabd5ed5d778,866000,18:42:00,18:42:00,10,,1,0,14216.0,1,1,0
2f1f41cc-7250-49e7-99e9-9a680ebc1652,866000,17:04:00,17:04:00,1,,0,0,0.0,1,1,1
2f1f41cc-7250-49e7-99e9-9a680ebc1652,866039,17:13:00,17:13:00,2,,0,0,3182.0,1,1,0
2f1f41cc-7250-49e7-99e9-9a680ebc1652,8660692,17:16:00,17:16:00,3,,0,0,4524.0,1,1,1
2f1f41cc-7250-49e7-99e9-9a680ebc1652,8661266,17:16:30,17:16:30,4,,0,0,4690.0,1,1,0
2f1f41cc-7250-49e7-99e9-9a680ebc1652,8662015,17:28:00,17:28:00,5,,0,0,8043.0,1,1,1
2f1f41cc-7250-49e7-99e9-9a680ebc1652,8662025,17:31:00,17:31:00,6,,0,0,8622.0,1,1,0
2f1f41cc-7250-49e7-99e9-9a680ebc1652,8662026,17:36:00,17:36:00,7,,0,0,9037.0,1,1,0
2f1f41cc-7250-49e7-99e9-9a680ebc1652,8662028,17:41:00,17:41:00,8,,0,0,9633.0,1,1,0
2f1f41cc-7250-49e7-99e9-9a680ebc1652,8666036,17:44:00,17:44:00,9,,0,0,10244.0,1,1,1
2f1f41cc-7250-49e7-99e9-9a680ebc1652,866000,17:59:00,17:59:00,10,,1,0,14216.0,1,1,0
4c59ea46-f923-4617-a995-3165278c4b3a,866000,16:47:00,16:47:00,1,,0,0,0.0,1,1,1
4c59ea46-f923-4617-a995-3165278c4b3a,866039,16:56:00,16:56:00,2,,0,0,3182.0,1,1,0
4c59ea46-f923-4617-a995-3165278c4b3a,8660692,16:59:00,16:59:00,3,,0,0,4524.0,1,1,1
4c59ea46-f923-4617-a995-3165278c4b3a,8661266,16:59:30,16:59:30,4,,0,0,4690.0,1,1,0
4c59ea46-f923-4617-a995-3165278c4b3a,8662015,17:11:00,17:11:00,5,,0,0,8043.0,1,1,1
4c59ea46-f923-4617-a995-3165278c4b3a,8662025,17:14:00,17:14:00,6,,0,0,8622.0,1,1,0
4c59ea46-f923-4617-a995-3165278c4b3a,8662026,17:19:00,17:19:00,7,,0,0,9037.0,1,1,0
4c59ea46-f923-4617-a995-3165278c4b3a,8662028,17:24:00,17:24:00,8,,0,0,9633.0,1,1,0
4c59ea46-f923-4617-a995-3165278c4b3a,8666036,17:27:00,17:27:00,9,,0,0,10244.0,1,1,1
4c59ea46-f923-4617-a995-3165278c4b3a,866000,17:42:00,17:42:00,10,,1,0,14216.0,1,1,0
f3fff574-3fe3-44ca-aee6-7cc562a532fe,866000,15:54:00,15:54:00,1,,0,0,0.0,1,1,1
f3fff574-3fe3-44ca-aee6-7cc562a532fe,866039,16:03:00,16:03:00,2,,0,0,3182.0,1,1,0
f3fff574-3fe3-44ca-aee6-7cc562a532fe,8660692,16:06:00,16:06:00,3,,0,0,4524.0,1,1,1
f3fff574-3fe3-44ca-aee6-7cc562a532fe,8661266,16:06:30,16:06:30,4,,0,0,4690.0,1,1,0
f3fff574-3fe3-44ca-aee6-7cc562a532fe,8662015,16:18:00,16:18:00,5,,0,0,8043.0,1,1,1
f3fff574-3fe3-44ca-aee6-7cc562a532fe,8662025,16:21:00,16:21:00,6,,0,0,8622.0,1,1,0
f3fff574-3fe3-44ca-aee6-7cc562a532fe,8662026,16:23:00,16:23:00,7,,0,0,9037.0,1,1,0
f3fff574-3fe3-44ca-aee6-7cc562a532fe,8662028,16:25:00,16:25:00,8,,0,0,9633.0,1,1,0
f3fff574-3fe3-44ca-aee6-7cc562a532fe,8666036,16:27:00,16:27:00,9,,0,0,10244.0,1,1,1
f3fff574-3fe3-44ca-aee6-7cc562a532fe,866000,16:42:00,16:42:00,10,,1,0,14216.0,1,1,0
a6ba1775-1b9f-4d4f-9d00-b584fd4469f0,866000,15:15:00,15:15:00,1,,0,0,0.0,1,1,1
a6ba1775-1b9f-4d4f-9d00-b584fd4469f0,866039,15:24:00,15:24:00,2,,0,0,3182.0,1,1,0
a6ba1775-1b9f-4d4f-9d00-b584fd4469f0,8660692,15:27:00,15:27:00,3,,0,0,4524.0,1,1,1
a6ba1775-1b9f-4d4f-9d00-b584fd4469f0,8661266,15:27:30,15:27:30,4,,0,0,4690.0,1,1,0
a6ba1775-1b9f-4d4f-9d00-b584fd4469f0,8662015,15:39:00,15:39:00,5,,0,0,8043.0,1,1,1
a6ba1775-1b9f-4d4f-9d00-b584fd4469f0,8662025,15:42:00,15:42:00,6,,0,0,8622.0,1,1,0
a6ba1775-1b9f-4d4f-9d00-b584fd4469f0,8662026,15:44:00,15:44:00,7,,0,0,9037.0,1,1,0
a6ba1775-1b9f-4d4f-9d00-b584fd4469f0,8662028,15:46:00,15:46:00,8,,0,0,9633.0,1,1,0
a6ba1775-1b9f-4d4f-9d00-b584fd4469f0,8666036,15:48:00,15:48:00,9,,0,0,10244.0,1,1,1
a6ba1775-1b9f-4d4f-9d00-b584fd4469f0,866000,16:01:00,16:01:00,10,,1,0,14216.0,1,1,0
1c2ea9ff-a2e1-4520-8ebc-e143c2627a96,8662015,15:25:00,15:25:00,1,,0,0,0.0,1,1,1
1c2ea9ff-a2e1-4520-8ebc-e143c2627a96,8662025,15:28:00,15:28:00,2,,0,0,579.0,1,1,0
1c2ea9ff-a2e1-4520-8ebc-e143c2627a96,8662026,15:30:00,15:30:00,3,,0,0,994.0,1,1,0
1c2ea9ff-a2e1-4520-8ebc-e143c2627a96,8662028,15:32:00,15:32:00,4,,0,0,1590.0,1,1,0
1c2ea9ff-a2e1-4520-8ebc-e143c2627a96,8666036,15:34:00,15:34:00,5,,0,0,2201.0,1,1,1
1c2ea9ff-a2e1-4520-8ebc-e143c2627a96,866000,15:47:00,15:47:00,6,,1,0,6174.0,1,1,0
318a79a8-a073-4027-abce-ea25ad30c114,866000,19:13:00,19:13:00,1,,0,0,0.0,1,1,1
318a79a8-a073-4027-abce-ea25ad30c114,866039,19:22:00,19:22:00,2,,0,0,3182.0,1,1,0
318a79a8-a073-4027-abce-ea25ad30c114,8660692,19:25:00,19:25:00,3,,0,0,4524.0,1,1,1
318a79a8-a073-4027-abce-ea25ad30c114,8661266,19:25:30,19:25:30,4,,0,0,4690.0,1,1,0
318a79a8-a073-4027-abce-ea25ad30c114,8662015,19:37:00,19:37:00,5,,0,0,8043.0,1,1,1
318a79a8-a073-4027-abce-ea25ad30c114,8662025,19:40:00,19:40:00,6,,0,0,8622.0,1,1,0
318a79a8-a073-4027-abce-ea25ad30c114,8662026,19:42:00,19:42:00,7,,0,0,9037.0,1,1,0
318a79a8-a073-4027-abce-ea25ad30c114,8662028,19:44:00,19:44:00,8,,0,0,9633.0,1,1,0
318a79a8-a073-4027-abce-ea25ad30c114,8666036,19:46:00,19:46:00,9,,0,0,10244.0,1,1,1
318a79a8-a073-4027-abce-ea25ad30c114,866000,20:01:00,20:01:00,10,,1,0,14216.0,1,1,0
8975c563-df61-4080-b970-412ca1645fa8,866000,18:59:00,18:59:00,1,,0,0,0.0,1,1,1
8975c563-df61-4080-b970-412ca1645fa8,866039,19:08:00,19:08:00,2,,0,0,3182.0,1,1,0
8975c563-df61-4080-b970-412ca1645fa8,8660692,19:11:00,19:11:00,3,,0,0,4524.0,1,1,1
8975c563-df61-4080-b970-412ca1645fa8,8661266,19:11:30,19:11:30,4,,0,0,4690.0,1,1,0
8975c563-df61-4080-b970-412ca1645fa8,8662015,19:23:00,19:23:00,5,,0,0,8043.0,1,1,1
8975c563-df61-4080-b970-412ca1645fa8,8662025,19:26:00,19:26:00,6,,0,0,8622.0,1,1,0
8975c563-df61-4080-b970-412ca1645fa8,8662026,19:28:00,19:28:00,7,,0,0,9037.0,1,1,0
8975c563-df61-4080-b970-412ca1645fa8,8662028,19:30:00,19:30:00,8,,0,0,9633.0,1,1,0
8975c563-df61-4080-b970-412ca1645fa8,8666036,19:32:00,19:32:00,9,,0,0,10244.0,1,1,1
8975c563-df61-4080-b970-412ca1645fa8,866000,19:47:00,19:47:00,10,,1,0,14216.0,1,1,0
a8c1e216-115c-4fe8-b37e-b42795e9d913,8662015,14:40:00,14:40:00,1,,0,0,0.0,1,1,1
a8c1e216-115c-4fe8-b37e-b42795e9d913,8662025,14:43:00,14:43:00,2,,0,0,579.0,1,1,0
a8c1e216-115c-4fe8-b37e-b42795e9d913,8662026,14:45:00,14:45:00,3,,0,0,994.0,1,1,0
a8c1e216-115c-4fe8-b37e-b42795e9d913,8662028,14:47:00,14:47:00,4,,0,0,1590.0,1,1,0
a8c1e216-115c-4fe8-b37e-b42795e9d913,8666036,14:49:00,14:49:00,5,,0,0,2201.0,1,1,1
a8c1e216-115c-4fe8-b37e-b42795e9d913,866000,15:01:00,15:01:00,6,,1,0,6174.0,1,1,0
34426205-df08-42fa-b520-39b25426ac13,866000,16:11:00,16:11:00,1,,0,0,0.0,1,1,1
34426205-df08-42fa-b520-39b25426ac13,866039,16:20:00,16:20:00,2,,0,0,3182.0,1,1,0
34426205-df08-42fa-b520-39b25426ac13,8660692,16:23:00,16:23:00,3,,0,0,4524.0,1,1,1
34426205-df08-42fa-b520-39b25426ac13,8661266,16:23:30,16:23:30,4,,0,0,4690.0,1,1,0
34426205-df08-42fa-b520-39b25426ac13,8662015,16:35:00,16:35:00,5,,0,0,8043.0,1,1,1
34426205-df08-42fa-b520-39b25426ac13,8662025,16:38:00,16:38:00,6,,0,0,8622.0,1,1,0
34426205-df08-42fa-b520-39b25426ac13,8662026,16:40:00,16:40:00,7,,0,0,9037.0,1,1,0
34426205-df08-42fa-b520-39b25426ac13,8662028,16:42:00,16:42:00,8,,0,0,9633.0,1,1,0
34426205-df08-42fa-b520-39b25426ac13,8666036,16:45:00,16:45:00,9,,0,0,10244.0,1,1,1
34426205-df08-42fa-b520-39b25426ac13,866000,17:00:00,17:00:00,10,,1,0,14216.0,1,1,0
2da72390-05e8-4eb6-8c87-e3f0f2ee35f8,866000,19:19:00,19:19:00,1,,0,0,0.0,1,1,1
2da72390-05e8-4eb6-8c87-e3f0f2ee35f8,8661280,19:25:00,19:25:00,2,,0,0,2939.0,1,1,0
2da72390-05e8-4eb6-8c87-e3f0f2ee35f8,866030,19:26:00,19:26:00,3,,0,0,3510.0,1,1,0
2da72390-05e8-4eb6-8c87-e3f0f2ee35f8,866031,19:32:00,19:32:00,4,,0,0,5035.0,1,1,1
2da72390-05e8-4eb6-8c87-e3f0f2ee35f8,866024,19:34:00,19:34:00,5,,0,0,6270.0,1,1,0
2da72390-05e8-4eb6-8c87-e3f0f2ee35f8,866027,19:39:00,19:39:00,6,,0,0,7214.0,1,1,1
2da72390-05e8-4eb6-8c87-e3f0f2ee35f8,866028,19:44:00,19:44:00,7,,0,0,8501.0,1,1,0
2da72390-05e8-4eb6-8c87-e3f0f2ee35f8,866000,19:49:00,19:49:00,8,,1,0,10077.0,1,1,0
4d8751f4-3c0d-4b25-9f27-c6d1290338a4,866000,18:29:00,18:29:00,1,,0,0,0.0,1,1,1
4d8751f4-3c0d-4b25-9f27-c6d1290338a4,8661280,18:35:00,18:35:00,2,,0,0,2939.0,1,1,0
4d8751f4-3c0d-4b25-9f27-c6d1290338a4,866030,18:36:00,18:36:00,3,,0,0,3510.0,1,1,0
4d8751f4-3c0d-4b25-9f27-c6d1290338a4,866031,18:42:00,18:42:00,4,,0,0,5035.0,1,1,1
4d8751f4-3c0d-4b25-9f27-c6d1290338a4,866024,18:44:00,18:44:00,5,,0,0,6270.0,1,1,0
4d8751f4-3c0d-4b25-9f27-c6d1290338a4,866027,18:49:00,18:49:00,6,,0,0,7214.0,1,1,1
4d8751f4-3c0d-4b25-9f27-c6d1290338a4,866028,18:54:00,18:54:00,7,,0,0,8501.0,1,1,0
4d8751f4-3c0d-4b25-9f27-c6d1290338a4,866000,18:59:00,18:59:00,8,,1,0,10077.0,1,1,0
6f655ef8-71ce-43c0-82e9-28ccb743e83f,866000,17:52:00,17:52:00,1,,0,0,0.0,1,1,1
6f655ef8-71ce-43c0-82e9-28ccb743e83f,8661280,17:58:00,17:58:00,2,,0,0,2939.0,1,1,0
6f655ef8-71ce-43c0-82e9-28ccb743e83f,866030,17:59:00,17:59:00,3,,0,0,3510.0,1,1,0
6f655ef8-71ce-43c0-82e9-28ccb743e83f,866031,18:05:00,18:05:00,4,,0,0,5035.0,1,1,1
6f655ef8-71ce-43c0-82e9-28ccb743e83f,866024,18:07:00,18:07:00,5,,0,0,6270.0,1,1,0
6f655ef8-71ce-43c0-82e9-28ccb743e83f,866027,18:12:00,18:12:00,6,,0,0,7214.0,1,1,1
6f655ef8-71ce-43c0-82e9-28ccb743e83f,866028,18:17:00,18:17:00,7,,0,0,8501.0,1,1,0
6f655ef8-71ce-43c0-82e9-28ccb743e83f,866000,18:22:00,18:22:00,8,,1,0,10077.0,1,1,0
1a3c2714-76c1-4e2c-a566-f356a2eb11ba,866000,17:20:00,17:20:00,1,,0,0,0.0,1,1,1
1a3c2714-76c1-4e2c-a566-f356a2eb11ba,8661280,17:26:00,17:26:00,2,,0,0,2939.0,1,1,0
1a3c2714-76c1-4e2c-a566-f356a2eb11ba,866030,17:27:00,17:27:00,3,,0,0,3510.0,1,1,0
1a3c2714-76c1-4e2c-a566-f356a2eb11ba,866031,17:33:00,17:33:00,4,,0,0,5035.0,1,1,1
1a3c2714-76c1-4e2c-a566-f356a2eb11ba,866024,17:35:00,17:35:00,5,,0,0,6270.0,1,1,0
1a3c2714-76c1-4e2c-a566-f356a2eb11ba,866027,17:40:00,17:40:00,6,,0,0,7214.0,1,1,1
1a3c2714-76c1-4e2c-a566-f356a2eb11ba,866028,17:45:00,17:45:00,7,,0,0,8501.0,1,1,0
1a3c2714-76c1-4e2c-a566-f356a2eb11ba,866000,17:50:00,17:50:00,8,,1,0,10077.0,1,1,0
369ea05d-4553-4e65-b1a1-89c94f8d8c89,866000,16:42:00,16:42:00,1,,0,0,0.0,1,1,1
369ea05d-4553-4e65-b1a1-89c94f8d8c89,8661280,16:48:00,16:48:00,2,,0,0,2939.0,1,1,0
369ea05d-4553-4e65-b1a1-89c94f8d8c89,866030,16:49:00,16:49:00,3,,0,0,3510.0,1,1,0
369ea05d-4553-4e65-b1a1-89c94f8d8c89,866031,16:55:00,16:55:00,4,,0,0,5035.0,1,1,1
369ea05d-4553-4e65-b1a1-89c94f8d8c89,866024,16:57:00,16:57:00,5,,0,0,6270.0,1,1,0
369ea05d-4553-4e65-b1a1-89c94f8d8c89,866027,17:02:00,17:02:00,6,,0,0,7214.0,1,1,1
369ea05d-4553-4e65-b1a1-89c94f8d8c89,866028,17:07:00,17:07:00,7,,0,0,8501.0,1,1,0
369ea05d-4553-4e65-b1a1-89c94f8d8c89,866000,17:12:00,17:12:00,8,,1,0,10077.0,1,1,0
86f297fc-c459-4e7a-ae36-41353f33e077,866000,16:03:00,16:03:00,1,,0,0,0.0,1,1,1
86f297fc-c459-4e7a-ae36-41353f33e077,8661280,16:09:00,16:09:00,2,,0,0,2939.0,1,1,0
86f297fc-c459-4e7a-ae36-41353f33e077,866030,16:10:00,16:10:00,3,,0,0,3510.0,1,1,0
86f297fc-c459-4e7a-ae36-41353f33e077,866031,16:16:00,16:16:00,4,,0,0,5035.0,1,1,1
86f297fc-c459-4e7a-ae36-41353f33e077,866024,16:18:00,16:18:00,5,,0,0,6270.0,1,1,0
86f297fc-c459-4e7a-ae36-41353f33e077,866027,16:23:00,16:23:00,6,,0,0,7214.0,1,1,1
86f297fc-c459-4e7a-ae36-41353f33e077,866028,16:28:00,16:28:00,7,,0,0,8501.0,1,1,0
86f297fc-c459-4e7a-ae36-41353f33e077,866000,16:33:00,16:33:00,8,,1,0,10077.0,1,1,0
91477fcf-cadb-4fb5-a371-b4cbd81ea63c,866030,15:38:00,15:38:00,1,,0,0,0.0,1,1,0
91477fcf-cadb-4fb5-a371-b4cbd81ea63c,866031,15:44:00,15:44:00,2,,0,0,1525.0,1,1,1
91477fcf-cadb-4fb5-a371-b4cbd81ea63c,866024,15:46:00,15:46:00,3,,0,0,2760.0,1,1,0
91477fcf-cadb-4fb5-a371-b4cbd81ea63c,866027,15:51:00,15:51:00,4,,0,0,3738.0,1,1,1
91477fcf-cadb-4fb5-a371-b4cbd81ea63c,866028,15:56:00,15:56:00,5,,0,0,5028.0,1,1,0
91477fcf-cadb-4fb5-a371-b4cbd81ea63c,866000,16:01:00,16:01:00,6,,1,0,6604.0,1,1,0
01f77a30-7ff8-4965-9771-4176927ac50c,866000,09:29:00,09:29:00,1,,0,0,0.0,1,1,1
01f77a30-7ff8-4965-9771-4176927ac50c,866010,09:35:00,09:35:00,2,,0,0,1975.0,1,1,1
01f77a30-7ff8-4965-9771-4176927ac50c,866011,09:38:00,09:38:00,3,,0,0,2956.0,1,1,0
01f77a30-7ff8-4965-9771-4176927ac50c,866014,09:39:00,09:39:00,4,,0,0,3586.0,1,1,1
01f77a30-7ff8-4965-9771-4176927ac50c,8662006,09:41:00,09:41:00,5,,0,0,4419.0,1,1,0
01f77a30-7ff8-4965-9771-4176927ac50c,866015,09:42:00,09:42:00,6,,0,0,4798.0,1,1,1
01f77a30-7ff8-4965-9771-4176927ac50c,866017,09:45:00,09:45:00,7,,1,0,6089.0,1,1,1
ec5ea207-bc39-4896-9c37-eb6daa5d8c97,866000,09:03:00,09:03:00,1,,0,0,0.0,1,1,1
ec5ea207-bc39-4896-9c37-eb6daa5d8c97,866010,09:09:00,09:09:00,2,,0,0,1975.0,1,1,1
ec5ea207-bc39-4896-9c37-eb6daa5d8c97,866011,09:13:00,09:13:00,3,,0,0,2956.0,1,1,0
ec5ea207-bc39-4896-9c37-eb6daa5d8c97,866014,09:14:00,09:14:00,4,,0,0,3586.0,1,1,1
ec5ea207-bc39-4896-9c37-eb6daa5d8c97,8662006,09:16:00,09:16:00,5,,0,0,4419.0,1,1,0
ec5ea207-bc39-4896-9c37-eb6daa5d8c97,866015,09:17:00,09:17:00,6,,0,0,4798.0,1,1,1
ec5ea207-bc39-4896-9c37-eb6daa5d8c97,866017,09:20:00,09:20:00,7,,0,0,6089.0,1,1,1
ec5ea207-bc39-4896-9c37-eb6daa5d8c97,8662030,09:24:00,09:24:00,8,,0,0,7419.0,1,1,0
ec5ea207-bc39-4896-9c37-eb6daa5d8c97,8662032,09:27:00,09:27:00,9,,0,0,7925.0,1,1,0
ec5ea207-bc39-4896-9c37-eb6daa5d8c97,8662033,09:29:00,09:29:00,10,,0,0,8701.0,1,1,1
ec5ea207-bc39-4896-9c37-eb6daa5d8c97,866000,09:35:00,09:35:00,11,,1,0,10951.0,1,1,0
584f57a0-d54a-4402-bb45-e5cab9c5ae1e,866000,08:44:00,08:44:00,1,,0,0,0.0,1,1,1
584f57a0-d54a-4402-bb45-e5cab9c5ae1e,866010,08:50:00,08:50:00,2,,0,0,1975.0,1,1,1
584f57a0-d54a-4402-bb45-e5cab9c5ae1e,866011,08:55:00,08:55:00,3,,0,0,2956.0,1,1,0
584f57a0-d54a-4402-bb45-e5cab9c5ae1e,866014,08:56:00,08:56:00,4,,0,0,3586.0,1,1,1
584f57a0-d54a-4402-bb45-e5cab9c5ae1e,8662006,08:58:00,08:58:00,5,,0,0,4419.0,1,1,0
584f57a0-d54a-4402-bb45-e5cab9c5ae1e,866015,08:59:00,08:59:00,6,,0,0,4798.0,1,1,1
584f57a0-d54a-4402-bb45-e5cab9c5ae1e,866017,09:07:00,09:07:00,7,,0,0,6089.0,1,1,1
584f57a0-d54a-4402-bb45-e5cab9c5ae1e,8662030,09:11:00,09:11:00,8,,0,0,7419.0,1,1,0
584f57a0-d54a-4402-bb45-e5cab9c5ae1e,8662032,09:14:00,09:14:00,9,,0,0,7925.0,1,1,0
584f57a0-d54a-4402-bb45-e5cab9c5ae1e,8662033,09:16:00,09:16:00,10,,0,0,8701.0,1,1,1
584f57a0-d54a-4402-bb45-e5cab9c5ae1e,866000,09:22:00,09:22:00,11,,1,0,10951.0,1,1,0
0a637dbf-b6a4-41e8-a417-80251069aacc,866000,08:19:00,08:19:00,1,,0,0,0.0,1,1,1
0a637dbf-b6a4-41e8-a417-80251069aacc,866010,08:25:00,08:25:00,2,,0,0,1975.0,1,1,1
0a637dbf-b6a4-41e8-a417-80251069aacc,866011,08:30:00,08:30:00,3,,0,0,2956.0,1,1,0
0a637dbf-b6a4-41e8-a417-80251069aacc,866014,08:31:00,08:31:00,4,,0,0,3586.0,1,1,1
0a637dbf-b6a4-41e8-a417-80251069aacc,8662006,08:33:00,08:33:00,5,,0,0,4419.0,1,1,0
0a637dbf-b6a4-41e8-a417-80251069aacc,866015,08:34:00,08:34:00,6,,0,0,4798.0,1,1,1
0a637dbf-b6a4-41e8-a417-80251069aacc,866017,08:42:00,08:42:00,7,,0,0,6089.0,1,1,1
0a637dbf-b6a4-41e8-a417-80251069aacc,8662030,08:46:00,08:46:00,8,,0,0,7419.0,1,1,0
0a637dbf-b6a4-41e8-a417-80251069aacc,8662032,08:49:00,08:49:00,9,,0,0,7925.0,1,1,0
0a637dbf-b6a4-41e8-a417-80251069aacc,8662033,08:51:00,08:51:00,10,,0,0,8701.0,1,1,1
0a637dbf-b6a4-41e8-a417-80251069aacc,866000,08:57:00,08:57:00,11,,1,0,10951.0,1,1,0
9cf5e4aa-e26f-4217-a901-7d2ac9ebcdba,866000,08:03:00,08:03:00,1,,0,0,0.0,1,1,1
9cf5e4aa-e26f-4217-a901-7d2ac9ebcdba,866010,08:09:00,08:09:00,2,,0,0,1975.0,1,1,1
9cf5e4aa-e26f-4217-a901-7d2ac9ebcdba,866011,08:12:00,08:12:00,3,,0,0,2956.0,1,1,0
9cf5e4aa-e26f-4217-a901-7d2ac9ebcdba,866014,08:13:00,08:13:00,4,,0,0,3586.0,1,1,1
9cf5e4aa-e26f-4217-a901-7d2ac9ebcdba,8662006,08:15:00,08:15:00,5,,0,0,4419.0,1,1,0
9cf5e4aa-e26f-4217-a901-7d2ac9ebcdba,866015,08:16:00,08:16:00,6,,0,0,4798.0,1,1,1
9cf5e4aa-e26f-4217-a901-7d2ac9ebcdba,866017,08:24:00,08:24:00,7,,0,0,6089.0,1,1,1
9cf5e4aa-e26f-4217-a901-7d2ac9ebcdba,8662030,08:28:00,08:28:00,8,,0,0,7419.0,1,1,0
9cf5e4aa-e26f-4217-a901-7d2ac9ebcdba,8662032,08:31:00,08:31:00,9,,0,0,7925.0,1,1,0
9cf5e4aa-e26f-4217-a901-7d2ac9ebcdba,8662033,08:33:00,08:33:00,10,,0,0,8701.0,1,1,1
9cf5e4aa-e26f-4217-a901-7d2ac9ebcdba,866000,08:39:00,08:39:00,11,,1,0,10951.0,1,1,0
15fa4a13-ed09-481e-b314-44785ec67125,866000,07:42:00,07:42:00,1,,0,0,0.0,1,1,1
15fa4a13-ed09-481e-b314-44785ec67125,866010,07:48:00,07:48:00,2,,0,0,1975.0,1,1,1
15fa4a13-ed09-481e-b314-44785ec67125,866011,07:50:00,07:50:00,3,,0,0,2956.0,1,1,0
15fa4a13-ed09-481e-b314-44785ec67125,866014,07:51:00,07:51:00,4,,0,0,3586.0,1,1,1
15fa4a13-ed09-481e-b314-44785ec67125,8662006,07:53:00,07:53:00,5,,0,0,4419.0,1,1,0
15fa4a13-ed09-481e-b314-44785ec67125,866015,07:54:00,07:54:00,6,,0,0,4798.0,1,1,1
15fa4a13-ed09-481e-b314-44785ec67125,866017,08:02:00,08:02:00,7,,0,0,6089.0,1,1,1
15fa4a13-ed09-481e-b314-44785ec67125,8662030,08:06:00,08:06:00,8,,0,0,7419.0,1,1,0
15fa4a13-ed09-481e-b314-44785ec67125,8662032,08:09:00,08:09:00,9,,0,0,7925.0,1,1,0
15fa4a13-ed09-481e-b314-44785ec67125,8662033,08:11:00,08:11:00,10,,0,0,8701.0,1,1,1
15fa4a13-ed09-481e-b314-44785ec67125,866000,08:17:00,08:17:00,11,,1,0,10951.0,1,1,0
ada36ba0-1e79-45fd-83d3-6448be923996,866000,07:19:00,07:19:00,1,,0,0,0.0,1,1,1
ada36ba0-1e79-45fd-83d3-6448be923996,866010,07:25:00,07:25:00,2,,0,0,1975.0,1,1,1
ada36ba0-1e79-45fd-83d3-6448be923996,866011,07:27:00,07:27:00,3,,0,0,2956.0,1,1,0
ada36ba0-1e79-45fd-83d3-6448be923996,866014,07:28:00,07:28:00,4,,0,0,3586.0,1,1,1
ada36ba0-1e79-45fd-83d3-6448be923996,8662006,07:30:00,07:30:00,5,,0,0,4419.0,1,1,0
ada36ba0-1e79-45fd-83d3-6448be923996,866015,07:31:00,07:31:00,6,,0,0,4798.0,1,1,1
ada36ba0-1e79-45fd-83d3-6448be923996,866017,07:39:00,07:39:00,7,,0,0,6089.0,1,1,1
ada36ba0-1e79-45fd-83d3-6448be923996,8662030,07:43:00,07:43:00,8,,0,0,7419.0,1,1,0
ada36ba0-1e79-45fd-83d3-6448be923996,8662032,07:46:00,07:46:00,9,,0,0,7925.0,1,1,0
ada36ba0-1e79-45fd-83d3-6448be923996,8662033,07:48:00,07:48:00,10,,0,0,8701.0,1,1,1
ada36ba0-1e79-45fd-83d3-6448be923996,866000,07:54:00,07:54:00,11,,1,0,10951.0,1,1,0
1ff72b99-c663-4fef-a08f-8fa08bd720e0,866000,07:03:00,07:03:00,1,,0,0,0.0,1,1,1
1ff72b99-c663-4fef-a08f-8fa08bd720e0,866010,07:08:00,07:08:00,2,,0,0,1975.0,1,1,1
1ff72b99-c663-4fef-a08f-8fa08bd720e0,866011,07:10:00,07:10:00,3,,0,0,2956.0,1,1,0
1ff72b99-c663-4fef-a08f-8fa08bd720e0,866014,07:11:00,07:11:00,4,,0,0,3586.0,1,1,1
1ff72b99-c663-4fef-a08f-8fa08bd720e0,8662006,07:13:00,07:13:00,5,,0,0,4419.0,1,1,0
1ff72b99-c663-4fef-a08f-8fa08bd720e0,866015,07:14:00,07:14:00,6,,0,0,4798.0,1,1,1
1ff72b99-c663-4fef-a08f-8fa08bd720e0,866017,07:22:00,07:22:00,7,,0,0,6089.0,1,1,1
1ff72b99-c663-4fef-a08f-8fa08bd720e0,8662030,07:25:00,07:25:00,8,,0,0,7419.0,1,1,0
1ff72b99-c663-4fef-a08f-8fa08bd720e0,8662032,07:28:00,07:28:00,9,,0,0,7925.0,1,1,0
1ff72b99-c663-4fef-a08f-8fa08bd720e0,8662033,07:30:00,07:30:00,10,,0,0,8701.0,1,1,1
1ff72b99-c663-4fef-a08f-8fa08bd720e0,866000,07:36:00,07:36:00,11,,1,0,10951.0,1,1,0
9ea28e7f-7ef8-4779-ac7c-0e718f19ed23,866000,06:44:00,06:44:00,1,,0,0,0.0,1,1,1
9ea28e7f-7ef8-4779-ac7c-0e718f19ed23,866010,06:49:00,06:49:00,2,,0,0,1975.0,1,1,1
9ea28e7f-7ef8-4779-ac7c-0e718f19ed23,866011,06:51:00,06:51:00,3,,0,0,2956.0,1,1,0
9ea28e7f-7ef8-4779-ac7c-0e718f19ed23,866014,06:52:00,06:52:00,4,,0,0,3586.0,1,1,1
9ea28e7f-7ef8-4779-ac7c-0e718f19ed23,8662006,06:54:00,06:54:00,5,,0,0,4419.0,1,1,0
9ea28e7f-7ef8-4779-ac7c-0e718f19ed23,866015,06:55:00,06:55:00,6,,0,0,4798.0,1,1,1
9ea28e7f-7ef8-4779-ac7c-0e718f19ed23,866017,07:03:00,07:03:00,7,,0,0,6089.0,1,1,1
9ea28e7f-7ef8-4779-ac7c-0e718f19ed23,8662030,07:06:00,07:06:00,8,,0,0,7419.0,1,1,0
9ea28e7f-7ef8-4779-ac7c-0e718f19ed23,8662032,07:08:00,07:08:00,9,,0,0,7925.0,1,1,0
9ea28e7f-7ef8-4779-ac7c-0e718f19ed23,8662033,07:10:00,07:10:00,10,,0,0,8701.0,1,1,1
9ea28e7f-7ef8-4779-ac7c-0e718f19ed23,866000,07:16:00,07:16:00,11,,1,0,10951.0,1,1,0
e17c5800-f06b-4dd3-a9a1-bc503e246e29,866000,06:24:00,06:24:00,1,,0,0,0.0,1,1,1
e17c5800-f06b-4dd3-a9a1-bc503e246e29,866010,06:28:00,06:28:00,2,,0,0,1975.0,1,1,1
e17c5800-f06b-4dd3-a9a1-bc503e246e29,866011,06:30:00,06:30:00,3,,0,0,2956.0,1,1,0
e17c5800-f06b-4dd3-a9a1-bc503e246e29,866014,06:31:00,06:31:00,4,,0,0,3586.0,1,1,1
e17c5800-f06b-4dd3-a9a1-bc503e246e29,8662006,06:33:00,06:33:00,5,,0,0,4419.0,1,1,0
e17c5800-f06b-4dd3-a9a1-bc503e246e29,866015,06:34:00,06:34:00,6,,0,0,4798.0,1,1,1
e17c5800-f06b-4dd3-a9a1-bc503e246e29,866017,06:42:00,06:42:00,7,,0,0,6089.0,1,1,1
e17c5800-f06b-4dd3-a9a1-bc503e246e29,8662030,06:44:00,06:44:00,8,,0,0,7419.0,1,1,0
e17c5800-f06b-4dd3-a9a1-bc503e246e29,8662032,06:46:00,06:46:00,9,,0,0,7925.0,1,1,0
e17c5800-f06b-4dd3-a9a1-bc503e246e29,8662033,06:48:00,06:48:00,10,,0,0,8701.0,1,1,1
e17c5800-f06b-4dd3-a9a1-bc503e246e29,866000,06:53:00,06:53:00,11,,1,0,10951.0,1,1,0
40c72580-d311-4afd-8395-8e1a93648d78,866000,10:15:00,10:15:00,1,,0,0,0.0,1,1,1
40c72580-d311-4afd-8395-8e1a93648d78,866010,10:21:00,10:21:00,2,,0,0,1975.0,1,1,1
40c72580-d311-4afd-8395-8e1a93648d78,866011,10:24:00,10:24:00,3,,0,0,2956.0,1,1,0
40c72580-d311-4afd-8395-8e1a93648d78,866014,10:25:00,10:25:00,4,,0,0,3586.0,1,1,1
40c72580-d311-4afd-8395-8e1a93648d78,8662006,10:27:00,10:27:00,5,,0,0,4419.0,1,1,0
40c72580-d311-4afd-8395-8e1a93648d78,866015,10:28:00,10:28:00,6,,0,0,4798.0,1,1,1
40c72580-d311-4afd-8395-8e1a93648d78,866017,10:31:00,10:31:00,7,,1,0,6089.0,1,1,1
